Algorithm: GEMM Simple
Result matrix:
450 407 404 95 -657 84 -582 280 -376 313 -325 445 32 300 -781 -212 488 524 674 126 -166 -539 -477 -529 474 -310 1064 222 0 -893 -216 289 320 146 279 244 -512 198 129 -473 91 -143 -78 -454 262 -483 -475 -183 464 445 -115 -509 476 254 -141 -298 -50 284 -54 94 -598 -624 -229 -288 114 -223 445 599 -419 -245 316 256 725 122 -226 -252 29 643 160 458 -151 40 -393 -54 -526 -121 -255 307 -177 214 -323 -34 270 -49 -257 -127 -710 902 498 -367 336 -297 310 77 311 -399 528 -52 -278 -39 198 -134 257 307 294 68 -98 429 -383 92 -484 83 -655 359 -60 75 121 -840 
-79 297 -767 -258 -153 -322 206 -182 -10 496 642 469 135 -590 -626 -187 18 -143 -371 -284 274 -556 -179 766 -330 246 -727 -347 -486 -749 -361 -48 -283 -378 588 -132 -39 -577 298 403 784 -272 -716 272 -427 -10 -588 256 -19 -37 -94 -188 -123 -151 17 -128 -618 410 -89 -524 -185 8 214 701 -119 -239 157 -550 -298 90 441 155 430 -19 -9 -900 496 -177 91 529 500 -54 852 -13 459 419 -568 288 328 -333 57 310 -505 -498 -333 -404 -279 110 5 140 394 -374 117 805 187 -452 328 -382 40 29 266 -234 604 264 -437 204 -47 318 -354 -345 -1063 -140 -401 -219 242 35 -358 436 
-324 122 -123 194 554 -751 410 -179 -345 412 705 -655 -444 76 -93 -351 64 175 -676 -35 53 -103 640 -222 136 699 -25 -144 -139 -528 302 -294 442 299 264 -191 -260 33 374 265 146 -969 -28 45 -995 234 515 -197 35 200 -218 -441 446 211 786 267 -247 -274 -391 -1308 484 -58 451 665 -268 -547 127 -621 246 345 270 -282 -19 480 -285 -234 -148 -417 -641 57 395 -310 229 218 -8 720 -251 112 226 573 79 144 293 -372 328 436 165 -442 190 26 -1 104 330 141 -359 -334 119 -738 639 99 171 -135 -53 13 418 -204 274 555 -206 175 -436 -286 -70 178 3 249 -164 329 
386 -53 -427 377 -369 -180 -323 228 357 820 483 195 -431 504 -135 606 -169 331 -1212 -223 -378 -47 286 466 3 968 227 815 670 -348 -273 -403 48 535 227 72 -382 494 274 -150 148 -760 223 -711 -399 328 633 78 -2 11 -103 -398 -352 209 -120 -103 666 -466 90 -627 -176 -130 -281 334 303 -380 -355 48 429 243 -324 -739 -602 311 -69 326 -175 -215 -442 -462 419 617 -516 -302 -592 221 -558 468 368 353 -629 -337 -323 46 -263 -636 -702 403 -786 -486 -206 296 1057 -561 -273 -423 341 -241 161 -790 -1369 486 -390 -280 492 -550 60 -327 -277 -23 -34 391 -51 -365 -299 79 162 382 
101 17 182 245 -320 100 -230 270 -160 216 112 497 -5 250 -333 654 173 365 125 179 -499 -405 -216 317 -23 338 -291 -536 -16 -1 166 -77 780 -49 -328 -412 41 143 567 -541 46 -449 -151 -791 -80 244 158 -402 -50 -516 -32 -498 712 404 -883 -903 -388 151 265 -735 -22 264 -38 -428 -103 -275 189 800 43 -642 -124 730 523 -213 -692 -257 -260 -254 -180 476 -200 270 -15 79 -162 -107 -447 -100 339 48 455 -175 427 234 612 -13 -726 -180 -32 63 -104 441 148 -573 432 443 282 -1 584 6 -894 594 -936 -265 -103 -657 357 81 225 -183 -108 -9 169 -107 258 606 221 -587 
395 -1 303 -484 -771 -737 377 -60 986 240 -1192 -94 -8 703 -196 88 564 129 425 85 -263 564 307 198 -234 -192 489 340 116 -32 36 -142 1040 -200 92 -432 403 387 -708 -994 -188 318 -25 -540 668 -277 -597 168 125 -386 -323 -240 733 -602 -149 -682 213 -109 -230 1089 38 192 -307 578 -350 391 510 541 -76 69 -351 314 -328 316 -362 762 -190 349 192 462 191 -37 -225 115 86 -64 -233 -481 420 222 69 -181 -20 -183 -639 -371 222 71 -249 287 213 477 182 -286 -219 774 -45 175 -107 353 392 -202 -60 859 549 -197 -148 306 -528 211 88 -350 63 -411 -444 15 497 -160 
-29 116 -103 -87 280 -52 37 380 -174 -49 294 -6 421 -194 -144 -94 -369 222 443 323 379 90 -164 -187 -104 471 603 46 -968 797 446 -222 -723 -55 -661 186 213 865 578 473 440 -351 408 36 247 -319 627 -618 -181 -706 880 -306 314 148 -18 327 -377 -622 -92 -293 121 -131 -227 256 764 624 -111 -568 578 -44 723 450 722 -825 -43 -159 111 33 -213 832 551 -724 -202 -382 237 317 -192 -274 30 -499 212 429 61 420 225 604 -406 -712 749 -45 726 -245 -599 435 -450 -529 -779 282 -501 -87 -456 -118 -215 9 75 139 -290 46 399 1598 -40 465 -429 -583 -886 -352 -897 -45 
-47 618 781 103 -75 -331 -14 -372 -548 -589 372 -87 19 -369 208 -595 -137 -206 58 -1491 532 475 196 -217 -219 327 613 308 -122 549 -9 -519 333 -68 383 326 -560 382 -213 259 110 -74 313 439 -179 646 -435 63 58 -160 -690 644 -132 326 -445 778 239 32 141 964 195 -488 60 -237 182 427 -76 91 -489 -634 -247 -130 655 366 -321 464 119 712 154 -591 238 -99 -11 -424 367 251 -383 1235 -1015 255 146 164 541 -126 -727 -184 -358 307 379 -83 17 507 -148 -555 119 -37 -539 -477 -326 533 -255 -269 -191 -165 351 544 -449 232 135 -535 34 16 305 584 -42 -329 -82 43 
463 334 57 318 -35 -338 -109 98 -522 461 293 -803 -505 -24 203 275 -573 51 -826 237 107 -513 142 347 -7 433 73 202 566 261 71 249 359 124 -727 171 -515 671 48 534 432 -183 57 -815 -273 291 282 92 -110 -134 -438 86 221 441 357 -101 386 -9 213 284 402 40 -571 78 327 -688 -167 414 -159 23 -743 53 -35 544 -672 -562 -388 -134 -84 -247 315 198 303 241 -112 18 -372 -376 -283 350 742 -117 -512 292 -195 -306 -769 -441 -453 -76 233 524 -680 -332 -570 -121 -176 -268 -741 -304 -242 -163 -419 324 -361 -467 209 -825 154 19 291 460 -413 155 -971 191 126 -10 
-258 -32 218 -64 -105 -52 391 181 -150 381 274 -439 -797 -232 29 -678 -445 -404 -71 23 187 -454 -326 268 797 -1 431 -505 -288 -457 131 287 -233 227 -31 490 8 51 -160 297 -10 160 520 271 265 268 182 177 313 -636 708 541 42 -341 344 841 -133 -530 379 336 -295 -671 62 115 -176 613 359 -542 94 755 -134 -129 7 239 -424 -722 378 -165 633 -120 173 -7 -9 -392 211 -197 350 354 316 19 63 296 63 -594 238 364 17 577 -304 25 -130 220 -254 -196 451 50 50 -1001 -532 -184 -277 959 556 141 292 245 -354 7 -26 460 562 -2 -324 106 -48 237 -113 240 
508 -207 602 -240 628 256 544 -665 -727 -5 165 -601 -100 252 163 -187 -184 544 -65 806 173 -86 666 -290 -192 68 1134 181 -480 -260 -491 67 560 -436 -657 555 354 -398 -217 -20 288 -105 423 148 -97 -179 684 278 378 561 -897 105 -412 736 655 400 -456 570 50 75 148 -871 203 -18 99 -38 168 222 335 -556 23 91 -53 -557 663 238 -203 -5 96 121 432 391 -347 288 -359 -145 284 191 -431 -384 -437 -523 83 -26 -311 207 -212 783 -441 -374 -728 565 176 -708 617 -329 238 -228 -951 -317 222 -145 -250 286 224 386 175 -376 117 -449 140 470 436 159 -659 -19 -637 133 
-260 463 -53 -200 -236 -215 -491 -772 -802 -366 257 -346 330 164 -598 -478 -219 166 231 -515 -361 252 212 227 240 -307 -312 -153 409 340 -50 -194 12 304 519 -62 -529 -276 136 -807 169 119 -392 -564 -1014 121 -270 -152 -292 -371 -190 -64 -192 75 239 -87 -727 504 -376 -322 -155 159 -192 -6 -116 355 121 649 -622 -336 -231 215 675 -257 255 365 390 -72 666 190 -243 493 348 798 -205 -338 214 309 -84 14 -68 -332 -446 -41 -446 422 -132 249 -490 -492 -482 221 308 -245 -330 446 -47 253 -135 -249 27 39 -211 -596 -365 -259 84 -10 490 -63 242 100 425 335 -104 -79 484 -465 
121 929 681 317 -204 -153 -221 376 -276 190 411 -121 -145 -160 -727 -306 335 -313 -181 22 11 236 -143 -97 28 653 124 -308 -320 -688 -290 -24 504 -53 340 -208 -295 -495 322 -142 -200 -470 -211 -236 -620 -511 -104 455 900 347 -741 195 269 427 184 -487 128 596 -54 207 94 -320 -775 -338 -29 -854 462 -33 -539 163 110 -790 514 -494 85 72 -254 387 -690 -21 -803 196 -327 -930 -575 -9 -468 886 51 327 -218 -759 622 331 -324 -97 437 703 377 -99 -735 -161 850 -198 845 -4 1091 -1057 577 -94 -22 179 -479 230 64 431 -224 -148 -327 -187 -146 -452 140 192 458 -41 244 -362 
214 -105 163 -156 287 -127 240 -451 -326 442 566 -178 -46 -207 -115 352 -275 185 -1123 -1141 -332 -73 -126 -122 -152 339 -325 142 399 -319 -889 49 84 434 -111 175 40 -928 -303 -156 -446 120 234 -280 -371 1008 -629 192 408 -42 -184 -245 -179 170 -389 850 486 404 -574 295 425 -407 -349 462 592 -636 -239 -131 -653 56 245 203 -109 191 62 -350 -193 201 -483 49 454 35 325 -292 892 -723 423 627 432 102 -48 477 -493 -337 629 -608 -341 355 3 300 -142 188 587 -466 13 -444 81 -301 1 -412 -1517 -140 25 205 229 709 -97 -339 -65 -229 -256 11 -233 134 1074 617 -639 -421 
-571 30 -137 136 -169 373 500 -328 53 418 518 -293 -294 -974 677 -189 558 95 -1159 -627 5 -365 281 87 766 770 466 -152 -7 728 -555 -68 608 708 -460 346 -781 -243 326 905 -99 -392 -31 138 99 483 -172 16 -177 -490 -636 443 -963 27 668 350 309 250 84 -427 -662 -185 -583 446 -239 -289 330 -303 38 643 -227 -185 -164 879 -225 -219 -471 -139 -837 262 1205 446 -577 604 43 202 266 -113 -553 714 24 -230 -438 -678 589 -543 95 -519 256 100 10 434 -842 -92 -493 162 -150 -334 -738 498 169 -7 -744 142 139 823 -185 524 486 -384 -611 -393 -109 -94 36 -70 -588 307 
535 -177 28 -695 -183 736 80 291 -119 -761 -666 -730 -466 -343 191 157 -118 272 -382 179 400 92 148 215 13 -634 -490 -544 160 72 -70 -416 702 -32 171 -177 420 -412 20 299 -623 143 573 224 1109 -131 -386 -595 66 -125 696 640 -357 500 249 187 383 175 -618 414 643 30 486 68 -182 314 -745 -440 -65 398 542 -290 -1191 -169 580 318 -157 444 -553 541 -72 398 -451 -260 617 262 164 -290 359 -197 -1296 237 57 -120 -601 -115 739 -905 856 396 -392 -74 84 436 -256 358 -128 183 -546 591 -117 38 -161 892 -268 557 -12 -100 162 385 126 -279 731 364 333 159 -464 657 
-415 -466 -506 903 651 409 -65 681 -518 -844 882 417 -106 -152 -306 -56 -141 0 -65 84 118 841 251 177 -128 554 -153 -199 137 379 304 -304 -965 -595 -124 -578 153 167 856 365 -46 -371 -237 -195 308 -344 266 -587 -167 118 41 -609 352 -195 263 -762 -391 -468 634 -509 238 -128 6 -19 -342 -188 326 -27 677 273 -175 -149 -501 -733 -12 544 -724 99 396 122 146 -532 -72 -841 -195 591 568 208 592 69 -343 -5 143 558 72 1049 -717 -665 -25 -232 76 -114 -187 1361 -202 36 -498 18 150 179 -265 218 -339 -357 -361 -942 -596 202 -5 1170 -301 56 -209 89 69 516 -115 -101 
-587 -24 -236 -375 664 -482 -219 -289 -103 252 437 513 -297 350 -647 -340 -448 -789 -11 381 64 256 584 428 609 -364 156 -65 -108 220 -333 -458 204 -332 384 -321 -139 -280 194 178 -127 511 409 417 -232 47 311 -167 -758 -386 -34 345 179 473 -529 -493 100 344 138 128 -52 39 625 -4 -934 433 498 -311 231 40 -302 -137 76 753 -14 -462 -94 128 560 -620 130 -437 147 -520 470 -313 37 -369 -231 -328 697 521 -81 -125 69 243 -585 -882 -217 600 -497 19 -162 154 -487 171 -205 -494 373 161 539 212 -3 -233 -483 3 253 -127 100 -286 798 -490 -100 521 -97 392 386 -63 
-596 -511 296 -307 83 100 -410 156 -194 -243 -401 29 -547 -190 320 108 -229 -576 -290 284 -239 210 -79 346 -517 42 161 -117 607 -375 202 308 162 -36 -99 -295 575 -89 199 99 271 543 609 -909 450 612 -372 -284 -683 592 -389 -17 -49 -396 224 -446 -559 36 69 -208 376 -83 749 -137 -242 302 600 -83 -415 627 47 375 -395 -884 354 -758 -126 -602 -199 904 -239 902 -491 -69 452 616 818 585 302 -646 -184 47 -477 -615 61 423 -106 410 -798 154 -347 -140 575 -87 -103 -140 791 57 -538 -283 117 -179 -57 -247 233 -243 -340 422 -41 -643 -582 -776 121 -288 355 714 560 64 
-283 -383 -479 -317 -782 -94 -450 -56 -371 -328 38 158 653 187 481 340 927 -813 -81 44 -844 1 -685 -323 633 164 93 376 282 -152 516 461 367 175 40 138 -238 -659 -536 -272 688 35 33 262 -426 -637 -892 -518 -12 700 -312 -509 90 -37 103 421 -411 344 88 -607 499 230 -55 -634 328 -106 -165 32 -993 -79 5 803 260 -796 75 91 108 -69 57 199 -444 670 153 563 -166 -55 619 825 222 -110 -67 -188 502 425 -67 -98 -408 1044 341 -312 -150 -607 -70 172 198 -654 98 903 595 692 -847 -121 238 -154 613 -95 140 -525 -237 377 -518 -1071 164 -297 794 275 -116 -103 
303 -83 684 653 -443 -275 27 872 -252 129 -227 -852 50 -186 711 166 -262 -20 -434 613 88 446 230 -25 -32 169 36 -608 -67 752 -504 -157 593 133 356 -252 -526 -98 -72 525 17 -542 -619 363 243 -449 103 477 -631 -213 -122 -366 206 134 258 99 -22 644 92 -317 332 149 361 929 -262 -591 -111 -221 -642 -356 157 479 -526 517 189 691 -235 -827 -656 155 -159 360 -3 498 177 136 -483 73 -370 -80 321 -243 -443 -468 -330 -353 -31 -888 274 230 505 -573 -278 -93 -341 257 115 -1023 -29 245 46 -639 -507 787 -3 -605 965 -68 -838 -85 -227 -29 59 -345 -380 7 432 413 
-61 -746 -405 227 514 -619 -823 248 -470 446 241 -212 423 576 187 320 257 473 -256 96 553 4 206 158 -341 379 -108 205 253 -23 105 -225 78 108 639 -567 -446 -370 -157 7 21 -545 -246 334 -222 435 542 -450 629 529 -82 91 130 -432 -43 -144 638 -64 -189 608 396 -301 388 126 989 -352 87 -316 133 438 -43 99 -239 272 -109 -319 -68 -200 -362 -608 162 -271 130 -184 -159 631 -147 882 30 281 138 -401 516 709 -433 -383 28 815 -486 178 -973 63 348 57 198 38 369 -464 -159 -244 82 -149 -166 -424 746 -436 -600 -63 -481 399 532 481 216 407 314 -241 54 450 
-372 58 60 -1086 -257 -279 125 -176 -103 457 102 -924 208 -368 -357 -245 61 -72 29 -204 -334 -138 -319 -437 -1 782 253 638 -428 86 9 682 621 -557 -428 -411 -161 286 -120 587 201 -241 -2 418 91 -135 -256 -630 -489 -445 -751 -670 257 362 685 -230 -445 400 -109 -244 224 -917 -304 211 92 -61 76 369 -492 146 -104 -350 440 -274 305 -1087 52 -568 -223 -25 798 823 -577 440 -96 70 -78 122 417 -271 148 78 92 -37 -207 -113 594 14 -162 -74 -278 470 -804 397 -226 -422 -943 628 163 108 196 420 -346 -106 -26 -45 673 128 127 471 -575 -1036 -393 -680 -270 -253 -395 -598 
409 -45 471 707 -214 192 372 324 -109 -398 -616 -513 -142 -76 2 0 -44 505 468 610 -578 97 546 -553 -301 -119 -825 610 806 126 48 496 281 -419 101 -74 -171 -474 -346 -8 -234 -25 -814 -250 108 -83 238 -131 84 -304 -356 -627 559 -972 -199 -149 -446 253 249 124 -591 352 -892 4 -209 328 -286 -124 -212 -336 -119 129 -319 -575 67 59 -708 -591 -382 154 -89 464 98 223 -343 130 373 236 68 -258 -82 -1009 -622 -297 -642 235 134 -10 -165 -282 486 -201 61 -550 318 331 575 -85 188 21 157 49 -106 -789 527 -176 -173 -318 287 195 -157 326 -24 405 -535 496 314 -12 
78 -355 -247 -270 501 385 -550 45 16 199 154 620 638 293 -468 266 370 1341 -431 307 -241 -298 358 226 310 -837 75 -130 -289 -510 -120 -169 -334 432 -20 431 -419 -79 134 -521 343 591 9 -93 -527 -394 522 278 285 150 573 -175 -644 4 -433 -320 -94 1008 -485 -11 -600 132 480 21 -518 219 226 143 196 -724 -78 -352 -328 227 -21 -270 -37 176 244 678 -488 244 153 784 -192 397 252 38 -776 -710 -335 136 3 212 -199 555 -308 240 75 -342 144 91 -182 496 382 25 356 -271 -152 507 395 -66 743 223 -21 156 -242 138 -141 36 -87 329 -715 302 -514 -363 -60 -123 
-695 429 -141 -650 -367 561 398 556 -52 531 -230 -140 89 17 -356 -6 83 -462 549 312 -843 -334 -38 540 378 -459 251 -229 -94 307 -534 -202 211 -697 1 87 535 -447 75 712 333 -103 -603 362 170 -223 -473 450 -797 -65 -214 150 955 178 202 -200 402 418 -488 940 342 50 337 -532 310 57 1201 -264 -874 108 -20 134 558 -375 464 -378 -9 182 76 700 50 -78 -204 -1016 110 -937 37 -357 761 -402 -386 80 -870 267 -552 251 54 237 274 834 208 -133 225 -55 460 -136 318 145 206 -84 703 558 337 477 -186 246 78 75 329 177 159 -704 -480 -49 516 553 -536 248 
-288 -187 -164 335 169 60 707 956 390 250 -15 -785 58 -622 13 403 -151 1030 30 307 -90 160 309 538 28 839 -594 -192 110 -263 -125 265 202 -300 -142 68 490 411 475 239 404 171 150 255 -331 -128 330 -2 307 -313 300 -43 232 233 521 -389 348 -348 -966 -700 -323 242 -200 587 605 67 484 -225 670 602 675 -154 -466 -224 -34 -312 -325 -321 -602 -33 914 -850 -723 239 712 369 -315 -607 105 -13 82 -347 -13 -509 444 4 696 69 102 11 276 -421 -143 134 -172 -373 226 1007 -359 -464 202 -179 -757 -649 -570 472 -769 -498 -177 -210 214 716 -1236 261 -132 -61 -349 -58 
-293 1252 -1003 -3 -282 -253 1 -29 -4 -8 80 499 308 -281 -162 -163 791 -168 -203 62 113 -755 -227 252 266 -451 37 565 169 279 140 318 481 568 -775 575 300 -45 -276 -91 732 364 -498 -945 -352 -265 59 -335 75 161 189 -229 255 -371 -521 -251 -143 -552 -266 -1000 -37 -415 -251 -521 234 254 596 639 281 -114 287 -1112 1042 -778 -116 -1329 -179 468 -10 667 151 -623 55 -309 -451 244 -221 -447 485 -613 -348 -245 209 163 -121 522 -64 -282 262 -979 -193 326 433 189 -24 -533 439 411 -361 -256 -169 415 -159 -1 133 15 -1083 -327 172 261 -527 412 -169 -543 -683 176 -325 -353 
191 165 314 274 -564 62 203 295 93 311 546 -443 286 -472 -360 646 -736 -499 45 588 -16 -157 139 -153 381 148 505 -2 -899 -170 -272 499 -116 -10 37 -23 -556 153 313 -50 510 -155 19 606 -432 -222 -128 -56 522 -189 -328 -136 -617 -121 -500 394 -1020 -11 116 -268 -284 -104 93 -103 -652 -333 649 171 -381 206 183 -78 321 -300 -217 161 270 -609 -170 664 125 556 104 -116 41 -238 80 2 -257 -449 606 -111 748 -167 -22 -277 -381 88 326 -127 157 -482 -116 307 837 -425 -462 -197 -489 174 362 805 419 612 562 462 444 -209 -199 -303 -478 -312 -108 -132 -295 -423 348 -300 
-1149 -4 -591 146 -113 322 -91 305 -38 -166 251 507 444 -250 -414 89 -311 57 863 -300 -261 -328 103 -286 727 -124 313 31 -292 -295 -11 106 -1218 5 -324 382 -38 458 327 378 427 156 -473 429 -7 214 -2 -363 142 92 840 -57 363 455 -511 -692 -516 542 -15 187 -677 -984 -331 -464 193 449 406 10 546 54 64 170 361 251 480 -750 -24 188 843 -391 292 -404 -17 459 214 -437 208 -530 -778 -178 302 -47 33 45 82 632 -340 792 244 -54 447 497 -192 490 -226 -216 47 544 214 -482 788 814 156 -601 -469 527 246 -431 773 -125 101 645 133 313 -66 183 353 -248 
189 287 -107 311 615 -207 -291 249 -205 -525 114 372 -115 -99 175 669 83 -345 -455 44 -277 477 -310 -32 99 -264 -346 289 -134 591 183 510 340 773 128 240 -576 229 -368 648 360 131 -392 -183 245 -594 283 650 639 182 -271 49 408 175 64 444 169 -147 -533 163 432 -341 46 -293 -127 69 -147 108 -310 -206 -654 -706 135 -434 -254 726 -223 188 -132 25 -859 89 55 -240 -1015 -630 -195 54 171 -261 481 -135 -551 195 -294 84 344 -967 813 400 -344 -5 -113 -664 -110 172 268 -504 -392 -147 -337 -258 340 275 -641 435 -232 -1029 68 -286 496 -233 -89 -722 -272 -271 -96 334 
23 -713 337 298 751 516 -225 401 21 -665 385 574 668 95 482 -80 14 -42 -417 -27 259 -562 161 162 -93 -240 -613 65 93 185 388 400 -171 63 -110 -211 -409 -296 384 -146 -819 203 96 67 -132 535 553 -193 -10 102 171 -200 -461 52 188 -277 261 195 133 -69 93 61 -398 -41 712 -371 -859 -274 574 335 -456 -256 21 -234 456 233 -745 158 124 -480 -443 798 172 196 -22 146 151 460 -721 138 -214 -205 -332 265 478 -3 103 -237 250 -171 -410 -294 -246 -420 180 -120 282 89 204 -440 -135 -709 -553 -162 -755 -16 -502 -215 595 -70 138 668 221 134 165 580 262 340 
262 -109 -52 -341 109 313 -184 -589 12 97 -312 -156 -404 17 444 -246 -178 -161 310 517 105 -936 -693 441 1123 -145 839 67 -20 45 420 81 -46 -14 -117 622 0 -297 -219 617 -389 129 -264 480 741 -137 -341 121 181 -452 -733 350 291 -49 -519 275 -255 579 107 -425 -666 -107 666 -713 -477 -147 750 487 178 111 169 277 -277 547 -383 -355 -325 -178 368 -112 170 663 -438 -197 -449 -409 900 653 -192 -150 40 -3 -311 -406 -41 -151 502 -706 -114 55 -292 879 -947 859 -472 -97 79 46 -69 52 495 366 259 -256 224 -106 -62 141 -211 38 509 148 -4 -206 -608 -732 64 780 
362 -485 -465 433 405 -219 -87 -298 -229 -564 -118 601 176 -442 511 -38 212 -614 745 -220 -216 -206 -318 183 568 -83 -556 -443 24 -119 -213 661 269 88 208 502 -612 26 375 166 153 -158 72 789 -269 -600 316 -172 -155 113 135 171 -285 -178 296 -454 293 -175 679 -469 30 -349 -730 246 789 -393 -363 -283 693 -222 16 -305 162 49 -237 370 -767 705 636 -374 492 -215 900 -80 -44 -237 -36 -208 -923 338 302 -348 429 -418 -25 -335 -114 54 -74 -509 425 134 -310 -275 -222 76 187 -432 -38 32 688 -1183 535 -158 -529 -409 283 -526 -293 -252 351 290 -486 516 -123 -250 687 86 
-725 -387 -424 222 293 -112 -45 306 341 339 -419 621 -5 292 642 605 87 243 13 -16 86 -65 -24 -274 -362 -298 358 -110 289 49 -178 -550 -56 -385 -164 182 82 -218 -369 665 59 -651 -1009 501 -661 293 140 676 661 -220 -402 -163 350 518 -446 -338 221 88 258 -362 157 -380 206 -490 -180 -374 734 28 -632 -748 -64 37 -403 461 -65 -63 -426 416 -457 -280 6 -766 -280 -203 -756 -649 -264 -417 -74 37 282 -163 -222 -33 482 -53 -456 214 -91 -241 105 -278 382 -566 713 356 627 -166 27 -294 356 -231 117 577 -475 695 -407 765 -309 379 -51 589 301 -314 58 -12 33 150 
860 226 503 334 407 6 242 -89 38 605 -3 59 -720 -211 -1029 852 -247 600 36 482 457 -150 188 3 4 86 279 -291 -140 -266 -342 -840 572 -550 506 619 -365 -285 36 -206 212 -256 -145 284 -104 -596 135 -341 -109 -218 102 701 370 -171 346 -115 89 145 47 -434 -550 69 139 321 -166 484 199 248 -149 -116 -196 108 -103 265 -58 120 223 -135 527 89 283 -59 -1 -314 -904 -235 -447 -722 267 90 354 -1158 208 -21 -350 69 -292 126 192 -162 203 -90 381 -88 828 727 193 -618 -202 -322 877 456 404 744 265 164 -16 -319 670 -54 275 158 817 -195 -813 610 222 33 
-194 60 81 39 -616 150 551 243 -120 -249 233 -48 -255 492 -518 353 158 -397 555 1188 -590 -410 542 -272 -93 451 592 -443 213 63 42 348 650 180 -703 -29 395 125 395 346 892 -269 454 197 -515 -129 269 304 -361 -832 -631 -70 668 112 297 -544 281 944 149 258 -709 -401 -74 272 -24 -322 598 -118 314 450 -551 135 435 -465 35 1094 -550 -160 731 288 284 -94 435 201 -376 -927 -69 967 -87 -711 290 -64 176 226 291 -544 -402 526 -58 387 288 -607 345 414 102 143 742 48 -129 -86 -272 245 -138 -81 -272 -338 761 -483 68 773 473 695 161 262 -343 841 84 370 
310 112 23 87 302 -132 -115 277 978 -84 -149 39 759 239 401 -310 326 -221 -60 -209 43 -1106 6 119 167 9 84 33 229 212 -512 -211 -468 -261 -507 456 -334 -120 -412 137 -534 -62 -184 99 -98 346 155 -17 -605 426 -273 130 218 401 274 414 259 497 -109 556 350 58 285 -215 774 -1476 -915 122 -53 33 273 -119 624 328 296 -274 -116 736 -445 48 286 11 427 -141 -362 -318 -98 -334 -248 653 207 -244 117 272 -170 -42 -712 -208 525 -157 -558 153 -23 266 -491 74 -611 51 307 -882 -155 -801 -446 39 303 134 -321 -461 -663 60 8 218 -178 416 254 20 341 -134 
320 134 -54 825 490 -694 464 -318 -110 207 -737 -123 337 81 423 336 -101 210 -126 819 58 265 220 -179 -412 88 -286 -64 452 357 -134 872 -289 11 -143 505 -499 -362 -44 219 163 848 62 450 103 44 594 173 1210 -79 188 -515 447 -191 168 51 -486 -171 149 35 1 115 459 -118 238 69 410 -116 123 379 -341 -321 -100 -109 19 384 -311 -130 -477 -773 343 208 -387 20 214 -40 -140 458 -93 274 504 248 -281 -328 -441 -355 -297 -620 -251 177 -42 505 367 670 -327 -496 954 212 60 -308 329 -531 283 175 -171 -374 -302 216 -271 -80 -287 -202 -411 356 -431 -799 309 -618 
364 -485 -478 285 -94 338 82 489 -523 -72 707 -713 39 -405 -181 323 590 312 -824 -112 -125 593 487 27 -100 68 202 323 68 -448 -299 583 328 60 498 458 -864 -540 -78 -312 329 250 828 -373 -121 -115 -834 309 -768 601 23 -313 -951 -290 -489 -235 -243 359 -899 -562 364 -59 -148 133 -153 -466 69 -520 932 378 376 -294 -645 -116 148 -352 207 -86 3 561 220 187 48 370 388 76 236 23 -9 123 521 -42 -61 -255 135 249 241 492 481 148 123 419 -142 593 -423 -415 30 -88 384 415 -227 395 545 -557 16 443 150 -47 530 196 408 26 133 471 93 48 392 238 
-668 469 356 -824 686 632 -289 55 -250 236 701 69 414 149 -620 -158 93 38 -955 -380 90 393 -313 42 -411 -437 229 -486 -123 -15 49 -145 479 46 404 -334 -100 -369 638 621 347 265 -61 78 -179 -324 157 -12 5 -374 407 16 -1081 718 -252 -52 201 -19 -564 -632 -468 534 260 -433 -88 198 103 -431 -122 208 1083 97 -411 397 1034 -232 105 73 -346 -55 -91 -302 166 -157 683 -186 -975 460 -72 -223 -320 610 -163 829 709 321 50 -300 577 -456 -494 -455 -479 669 -360 242 168 278 284 -242 -387 1229 433 -820 -466 738 -664 -482 -107 279 -62 -357 626 149 -2 91 -339 394 
-366 -144 -63 -144 -203 41 -6 -345 -550 195 -528 -454 200 486 236 110 541 -714 992 -244 -118 169 604 -138 254 322 311 60 247 -44 12 780 549 -243 -183 -512 224 -77 -583 62 -367 107 -281 283 83 824 -304 -60 676 -297 -762 324 -523 -389 -342 563 -1071 280 -221 222 431 572 359 82 339 -716 258 -33 -58 -407 -244 -93 -192 60 255 511 -98 346 -107 -279 252 435 540 530 17 -589 689 -135 70 -243 689 -233 -568 306 -677 -313 -355 646 234 455 -28 -137 -4 -276 160 -15 43 369 -79 -394 56 -686 -63 565 237 336 -73 221 236 -245 476 -224 235 911 1041 -259 47 -259 
508 -7 179 388 192 -33 -659 -659 255 -153 341 125 -563 217 -513 -226 318 -60 -389 -193 -453 47 -83 547 266 -412 -1 -775 -397 435 -1095 -69 -55 98 -199 -421 -159 70 675 -276 -230 916 665 -520 206 -119 -13 37 -576 -697 -796 349 -325 -42 -649 20 41 -167 472 503 165 6 30 -207 -148 428 224 -119 514 31 -604 -89 -487 -95 80 -946 126 -62 599 -47 -338 561 7 314 145 136 -165 843 -50 343 -225 -29 -520 -321 519 -122 395 191 -185 496 -123 295 -214 -475 -230 -294 371 -653 196 -118 -1362 -649 -362 134 -810 172 148 -83 343 -223 402 135 -422 73 -166 -180 38 413 
-574 -294 476 -193 -135 -93 -631 451 -789 -313 -33 120 -195 651 -202 -591 -961 8 30 -405 15 -176 -52 -368 485 -69 -562 -62 60 295 228 -1116 -308 -308 879 -263 -613 -363 383 -187 -575 -725 -868 -374 121 143 579 205 -309 441 143 -199 52 831 320 -474 78 -640 628 434 -156 73 267 401 107 -166 -262 -432 -126 -277 191 453 344 571 529 53 -530 -138 -252 -393 -494 -930 27 211 413 366 -567 -244 -136 692 -861 -142 -165 191 90 757 -733 -162 -778 -391 -80 -619 -345 354 -226 -143 -116 -314 387 -671 509 -97 -657 -87 460 -20 24 -20 -964 305 -44 -13 -4 476 542 -404 427 -315 
-224 253 285 -819 -170 580 -613 -8 -604 -608 583 -874 227 304 37 -228 -426 -68 1102 -506 31 311 -248 166 555 -440 -11 -317 -641 -159 348 577 -519 2 -242 -378 -233 754 -463 -525 94 -23 -508 -35 -421 15 -244 85 -282 316 -253 -54 -332 327 237 1282 -387 -231 446 -244 386 -9 387 153 259 -428 -353 878 -8 -77 879 -10 595 -46 -713 -227 242 16 -109 473 565 -178 455 -246 598 5 357 -368 -342 199 150 551 425 30 -348 501 775 -231 -622 -125 -249 -277 -800 -30 -885 -78 -1191 -173 328 -515 -933 -274 -531 -341 502 13 231 -335 -69 -376 266 -91 158 187 167 -751 -154 -500 
-626 -133 509 -370 -1416 -239 141 -708 598 47 138 -315 -87 -167 403 -476 633 -205 320 50 144 -109 148 -270 192 -491 132 621 416 -120 30 -234 151 -194 178 -464 347 134 -443 882 485 353 623 629 112 -337 -505 -570 -21 136 445 -969 -21 351 107 -486 309 394 466 675 497 -837 -569 298 -567 393 198 -177 -506 -119 1197 153 -452 -64 436 -504 -56 36 -106 -71 367 -85 -517 331 621 103 -39 177 89 -162 -854 824 -323 -547 215 -910 489 243 -334 -517 914 -486 579 777 263 -182 166 328 553 405 -413 70 434 366 -296 -244 544 792 -373 835 -877 225 673 -500 26 58 117 301 
100 -185 3 612 696 497 228 388 -192 301 45 -197 122 -360 -253 178 440 -22 482 359 -219 850 -460 -890 144 -61 -218 -928 -413 -192 -816 618 -739 409 -273 -352 -315 289 683 -204 311 116 -899 112 -1441 -89 979 864 288 764 181 117 -921 37 377 -339 152 -137 77 -1063 131 489 -606 130 456 -949 -40 210 377 -72 -321 -891 -262 4 197 340 -438 179 -8 -76 -177 -383 -213 276 158 -309 -32 -221 -619 151 128 -235 -537 217 181 -353 160 -96 305 -311 -188 -543 344 310 -242 92 439 -321 -263 -1012 298 -347 126 -667 173 -414 -31 -361 349 -261 424 460 -105 464 500 81 -176 -141 
106 -20 824 165 429 758 33 -102 361 -160 410 461 -257 487 -469 -301 -419 -419 58 -104 -341 -19 89 326 -30 -25 -144 -216 38 -469 -107 -426 30 -509 77 161 515 -218 -469 -244 -719 -396 -165 467 493 566 -394 -503 -409 -271 505 368 378 -158 449 -356 536 180 302 989 -495 -275 -95 669 321 570 -530 619 300 129 -1071 91 296 413 -519 983 -174 252 69 -191 -242 119 536 -421 159 -770 267 146 -207 -303 -76 -423 -283 -278 267 -249 -563 336 -346 1024 -392 -318 900 -104 561 94 18 -599 -497 -266 -188 -201 188 147 592 4 -136 509 184 -389 -198 -473 -432 -518 754 342 761 203 
497 404 -615 -90 -588 -563 -115 202 621 663 -518 31 636 68 206 -73 892 165 -544 -244 -369 342 -119 -193 197 -218 531 515 157 -109 -298 31 -518 53 109 435 -350 275 -1019 -616 90 -81 -284 -278 -138 -590 -71 544 103 344 142 -245 -121 45 -125 189 8 -551 -38 -148 368 -415 -528 679 679 -144 506 38 287 -14 23 -519 233 -68 -142 169 123 -92 -185 319 505 -383 -268 -857 -657 90 -248 -526 556 253 103 -387 198 -509 -111 -415 -334 82 -204 -567 -642 132 244 -403 -228 -125 40 517 -118 -172 68 -228 76 267 554 -166 25 -182 -658 643 24 -322 -513 -333 -19 -583 150 -473 
551 -749 -581 444 383 -264 -101 -390 -782 -188 41 -840 -196 299 284 -196 -372 -82 -105 -457 -157 -174 -271 109 230 -186 -404 199 789 226 245 -105 -473 97 -408 -557 108 542 254 -40 41 -300 137 -445 -98 630 -285 -597 -246 -152 -11 -489 -564 175 318 -108 -275 -465 -36 -655 271 738 527 -8 -221 443 19 377 -216 442 152 27 -738 369 -44 -206 480 -905 -174 -302 211 73 -354 482 362 -168 -222 -424 277 595 447 550 -352 358 130 -342 833 -134 -497 -8 99 -268 -24 -117 -654 248 -480 386 136 239 -690 756 494 -153 -518 346 -156 232 -73 -175 222 521 -575 138 587 -395 953 -174 
-107 -66 479 -742 -540 85 22 251 -185 373 -26 106 19 -1011 127 -41 34 306 66 -472 -13 -1075 -354 -130 -112 -206 560 443 -85 -322 894 311 -109 588 -655 -446 682 450 -588 472 342 -19 131 -215 391 47 579 -487 129 -146 231 8 -307 552 578 -336 -14 320 436 1330 90 -133 4 351 464 218 -225 436 -765 -217 183 261 200 327 379 -46 -240 -117 -73 -162 405 -112 -188 760 68 -468 292 116 -388 -453 290 522 -309 109 459 -89 -269 -265 242 560 504 -556 50 596 102 -21 -476 391 -543 -184 -90 324 -417 191 239 -58 159 359 -5 124 -599 -54 -613 -511 325 -45 -266 -517 
-642 406 896 -341 -77 406 -209 634 25 -498 696 245 -746 -314 -619 -547 -240 -177 -22 -118 666 97 540 799 -532 59 -414 397 -956 176 87 -312 268 -31 31 -579 44 -189 -129 -180 -26 -61 412 -323 48 -164 97 527 -15 626 -160 -53 87 -240 543 -162 223 -484 50 -96 402 -575 -280 752 -596 -225 -239 1 195 -90 323 -25 43 -277 28 -524 116 69 -344 141 -93 -99 81 -680 170 -565 -260 -418 -235 195 273 430 -69 -254 -295 109 342 -755 -34 -150 107 -1010 336 -228 288 -69 -17 -542 242 -345 226 -718 371 654 -284 -78 -443 149 163 -260 297 -466 145 -376 532 316 -579 -3 
-266 404 551 -323 -469 288 319 516 514 280 -301 -488 85 189 -372 -92 249 -796 467 -510 -106 27 -765 -497 166 244 -442 -278 -207 -334 -199 735 -213 8 40 116 -20 515 -601 -535 -153 47 -114 -334 443 88 -591 38 -818 566 856 -409 -659 211 -233 -146 -195 -223 -552 -361 -326 -440 384 696 131 -465 183 173 -94 -118 309 -1122 300 589 -364 -63 198 455 -8 598 -57 429 -149 578 236 676 -281 -756 339 -336 497 -105 284 -506 39 -131 678 -39 582 -312 -721 -341 40 139 -452 396 318 -489 -282 -590 -38 -265 451 166 753 32 238 -134 -381 -91 -373 -508 -306 26 430 -198 551 -130 
-68 -474 -265 -476 170 254 -882 -361 -78 -425 383 222 -136 24 -359 -121 124 906 -346 -110 -776 269 173 -139 -621 -426 -58 537 297 289 261 -247 52 263 314 -697 -436 -439 106 540 -359 -581 282 542 -172 -265 -362 -224 659 434 -72 10 -329 455 403 199 -141 311 -155 -289 170 57 594 -104 566 -339 90 102 -83 -521 -364 418 -34 206 -126 361 -103 254 -34 194 351 -98 72 -338 100 -520 -307 -381 -676 866 299 501 -17 459 -134 756 -682 584 207 -181 161 295 -577 63 169 -552 -84 -436 -63 582 -592 -120 -553 195 164 616 28 35 349 233 -671 17 73 547 -1043 -235 -217 -223 
-51 334 -265 -836 434 -139 -351 -100 248 -12 -28 353 87 236 92 -53 66 -19 -31 128 321 -415 799 1237 -127 -149 -34 199 690 -134 -207 -591 779 431 538 115 -108 -119 334 15 -106 204 -213 358 -209 154 -189 -396 127 18 176 113 -238 -252 -739 -241 418 263 -442 344 -498 -103 -112 -223 -324 -448 351 -39 218 -885 -583 225 395 135 -97 -264 115 -286 -274 183 -77 652 -214 -229 190 -416 -142 57 485 602 -618 264 -296 391 -614 -398 -677 96 236 -612 -113 341 568 -345 451 46 488 -75 824 368 22 331 365 -481 -401 -273 -119 -60 1086 134 261 277 49 121 535 546 77 290 
-547 326 -1498 -53 -247 60 469 -553 -1079 -66 292 -432 -507 483 -183 -538 189 -177 -464 122 394 689 390 209 -81 284 406 -236 686 -396 7 25 643 -468 187 1066 58 -62 -252 -20 -330 485 758 24 527 422 -469 -78 -78 -273 19 98 74 78 721 -354 344 -193 -1073 -795 382 163 496 102 -593 -401 12 -343 -198 -6 -233 -365 48 358 661 279 -562 396 -279 -276 338 255 178 127 80 -9 -85 -58 494 -296 276 -366 272 -247 -710 246 -379 -365 34 250 140 216 263 130 -847 -172 -45 -328 -52 6 450 108 -20 -6 -615 378 -286 639 -78 -193 443 -13 -16 294 329 51 -57 45 
743 -88 101 113 -330 -787 -417 187 228 -688 628 489 -393 -18 447 35 264 21 359 -37 -743 228 495 369 654 -322 -334 663 309 23 -26 835 62 210 411 -284 370 66 -451 -249 -535 158 -117 -93 373 -254 200 -214 -364 410 68 -251 613 125 1094 -247 -97 -495 770 319 -530 71 59 752 -219 -61 -728 181 244 95 5 -267 317 -296 -174 518 -86 258 299 296 123 -331 646 406 -399 -88 -39 -562 -782 8 -173 614 134 -124 314 117 58 -219 -239 345 786 -482 -118 -317 -618 441 -444 40 273 222 -290 -571 -393 95 -480 -366 402 -551 -512 -678 5 -233 245 -130 -106 164 493 -722 
974 80 -849 466 -97 130 -284 5 426 -241 247 56 -177 -136 -720 622 409 681 -585 4 -346 299 -202 127 7 152 -535 165 562 -24 110 -878 -158 926 613 27 -882 338 642 -807 266 446 477 -1235 141 -1 -262 129 133 -151 -101 -173 -875 -507 -776 -742 251 75 67 -503 -552 551 -224 497 -15 171 -269 613 17 161 -1312 -360 -614 -259 -444 552 -226 -261 74 431 -252 646 625 -285 -322 -260 -538 -1046 522 851 82 -372 397 -361 -500 -231 -376 35 -104 -187 737 1044 439 395 422 823 237 24 -739 529 58 959 -556 -154 -264 48 -237 -226 257 -520 -308 -511 831 487 -161 575 -1018 -448 
830 -972 -183 59 643 609 382 346 316 -1030 -611 -7 -60 760 965 454 -317 -129 553 411 -302 418 -51 -161 -571 -35 -158 -362 -31 -300 -453 77 601 -149 365 642 273 97 -135 -393 -753 -875 -168 878 -76 872 -515 835 235 334 -364 194 476 -389 -54 124 -426 325 -161 -616 56 112 181 -412 -141 218 -50 384 99 -269 -266 89 130 -160 -199 742 -4 392 -339 -211 -184 117 483 290 -455 -65 -381 359 129 338 -326 -214 19 -696 -831 -142 -214 -594 -258 562 -787 342 -108 -33 176 -192 -686 -1158 -48 617 -458 -309 862 19 136 -707 396 176 -127 -486 168 529 68 133 260 -439 344 524 
232 -94 -102 458 -519 -181 -73 -64 500 857 -473 166 -25 -152 519 -277 16 -261 -305 -178 -228 274 -356 191 488 298 -733 -281 -209 -217 -221 -36 42 -377 361 53 -289 -121 60 -247 -509 -71 177 562 -195 94 -207 319 -504 -611 -295 -254 94 -179 4 120 312 96 373 -173 -276 601 -123 184 -589 -289 695 -392 -607 773 -79 245 -276 401 -467 -568 -119 -157 -261 65 217 -148 -314 281 -336 754 -432 547 -3 -304 71 -73 -277 -645 -208 103 612 -77 -728 119 -85 -81 -347 -334 292 350 110 -478 500 358 151 -444 -107 23 414 33 -359 -82 -960 161 -200 -527 -495 -483 209 -382 622 539 
180 81 -377 -128 -550 214 106 -346 -956 -595 563 471 241 450 340 -18 -64 -821 -399 -775 610 95 116 821 82 630 164 657 -178 -171 907 -405 60 -13 167 138 587 552 -67 -93 -867 -140 -222 682 376 808 11 -308 261 -83 248 132 -571 -77 309 519 -188 -483 68 236 -809 553 607 425 25 717 330 -127 -15 -190 -381 79 681 -171 -666 846 99 -31 -264 -347 96 582 730 428 -134 142 -168 323 -142 67 -614 181 -556 438 -100 -148 -4 174 -484 -57 379 116 -267 -159 -583 -54 -551 164 112 -268 -164 135 -137 -313 3 223 -369 -350 -72 -247 -240 288 110 -237 217 -220 371 151 
138 -115 266 -149 -135 -341 455 333 14 -120 106 132 195 248 1204 -328 293 -740 -52 -25 403 -192 578 168 -313 -330 692 227 -64 -42 -201 -70 -283 -417 -523 -636 513 -4 -86 615 -672 424 -312 132 186 -10 -383 7 376 252 175 -389 -126 -495 -112 -137 45 -141 268 1379 -306 -301 -383 342 -380 374 -56 -146 523 -619 -24 -215 42 250 -438 385 452 579 314 -339 323 -224 42 -1 354 299 159 28 62 200 -238 263 -889 -79 450 327 -82 -244 258 160 19 -187 23 54 -169 -65 -413 -261 -380 798 -547 343 311 -369 -356 -192 -341 361 -14 -351 -440 626 73 35 -686 -590 -54 107 
504 -313 -1374 -211 216 -259 -236 52 -105 544 -124 -237 817 -28 46 -185 29 210 79 575 -297 -842 238 204 605 -436 530 46 -6 -381 86 -230 -349 445 8 519 127 -376 -38 146 270 -248 84 -40 -1009 163 822 454 284 -533 246 -440 220 -199 390 772 -639 328 76 109 698 471 368 -736 -369 391 162 -231 -261 -458 460 383 -238 -419 368 -281 386 -103 140 502 -5 -307 -647 -711 -148 -187 181 -163 1259 -105 327 374 -558 676 -368 537 -1332 -54 66 420 312 -86 415 413 -34 130 -415 750 182 -287 -5 1215 253 -168 -395 78 -124 -268 78 393 373 391 -456 -549 -350 -498 -73 488 
257 261 287 515 117 -310 -88 -986 100 777 103 254 -671 15 342 -307 594 119 -410 -211 444 -1113 385 -363 28 -243 -161 183 572 560 -199 -528 332 112 -303 -119 912 -375 143 -130 -35 241 1551 851 451 173 524 -831 -436 -323 -344 -302 -452 -232 -788 -543 915 425 287 570 368 -221 -156 -369 632 246 179 -322 575 233 -28 -141 -756 -113 -97 -423 349 -803 61 177 55 72 1 -335 847 -178 120 -440 -495 -245 -1003 -86 -217 -153 164 -403 220 838 -240 -281 796 580 13 -200 270 -612 105 335 -96 -292 -419 -552 -302 -656 -318 411 -515 1005 230 -116 -396 603 -824 560 -85 -102 -594 -183 
-317 944 692 -38 -227 -536 575 -145 179 -167 -480 -171 63 748 382 -573 653 -375 490 55 -168 -31 545 -560 -158 600 268 -233 -704 639 -507 423 -164 534 20 6 -682 3 439 -216 434 -167 551 478 175 -624 98 331 97 66 -427 127 -99 -164 -310 693 287 -189 -200 -641 298 -1222 -210 537 528 -375 622 228 1098 139 -346 82 -33 -503 -317 -657 121 -597 238 438 851 -343 -151 458 -741 149 -287 -463 -568 34 284 -509 -469 -632 764 271 844 434 -171 -530 58 586 -1138 -513 105 -106 326 149 -1016 -335 242 -729 -278 -260 245 237 -146 -833 377 -94 299 288 -23 530 -1327 -260 -508 -290 
-61 412 -349 30 -340 365 -85 601 48 437 -311 -332 174 -3 203 -321 104 244 -639 620 -70 535 -425 -194 -50 215 -386 87 175 -913 -288 535 -170 -388 301 -170 111 58 330 608 109 -155 -1008 439 -154 -212 -329 174 881 -33 130 92 -680 462 -255 -12 -363 -581 -210 88 -358 221 -163 369 536 -407 418 -340 -742 -663 -394 -417 -182 999 400 625 -456 430 -866 240 -393 25 -210 462 -8 892 449 -52 119 -200 -734 -655 242 53 -289 -133 -357 328 671 -421 -145 -495 -139 476 227 -548 498 -564 -575 -160 389 -255 -340 667 585 111 62 257 -542 85 -650 249 -325 743 631 312 -600 -131 
-131 -351 225 -195 -785 199 250 -392 510 -317 1 229 -998 -379 462 790 -3 244 129 737 -404 -180 5 -137 67 -293 488 1 784 151 105 -211 341 870 71 -51 -3 162 -185 18 -818 -352 955 -243 -52 197 -30 53 -454 -3 -69 -27 583 -471 -118 241 389 843 -201 315 -241 135 -551 -978 -431 -494 -372 469 -819 471 68 468 99 -260 -214 -539 333 138 54 -166 -13 874 -23 6 -288 -696 284 74 -246 -231 -159 538 353 -105 -290 -826 -25 -90 196 683 518 546 211 178 421 -80 -521 -243 -196 -192 -453 -203 -119 352 261 -271 817 483 836 -43 -498 659 1139 129 -633 313 -128 416 
12 -151 -18 -328 -110 1 646 -974 285 13 243 0 25 718 25 -21 154 -179 294 110 -24 -1093 1339 -396 470 613 695 331 -120 898 -76 30 271 95 354 544 -560 12 -39 204 211 625 397 1024 -368 -213 474 -551 -104 -242 -15 -267 -456 560 235 46 -259 97 110 -103 -27 -561 -92 2 650 -70 15 -117 229 831 -662 -474 311 191 298 -295 -521 -319 113 -364 1114 593 -151 100 116 -54 -581 -117 -345 503 230 -231 -835 344 -119 96 346 -271 -67 505 407 257 -629 279 448 -515 -294 -70 501 -430 -278 49 542 -514 303 157 258 -15 1180 149 -41 185 187 430 -363 44 -455 446 
186 -473 381 221 250 242 61 -135 -957 177 232 -371 -127 -31 -267 204 -105 604 57 -513 593 380 -201 -1087 -18 -431 581 93 170 619 131 -273 -234 -730 5 409 -449 -275 -711 -142 767 -59 -9 221 -354 -879 31 -47 -383 1070 84 -375 -663 89 89 460 -64 85 298 397 -115 -690 -219 318 216 345 67 751 657 576 705 703 -181 242 -153 205 157 -429 765 -169 295 -992 -363 193 512 1012 481 -87 -85 127 763 -683 408 361 408 428 166 261 -250 -163 17 142 -275 458 -190 -1078 -536 3 266 190 -178 311 212 -941 375 308 414 -287 -83 346 628 -88 -556 285 -223 -310 357 -30 
837 -488 253 191 596 -21 -555 369 -808 -937 83 -87 -31 -344 -325 -34 -212 874 -832 -700 -55 84 444 -602 -328 -711 -310 475 743 468 -78 -392 109 283 1299 -318 -606 92 -304 -227 20 -196 389 -328 879 182 -730 130 425 -252 -20 -913 -248 -31 101 -247 202 525 -527 -105 -75 198 288 467 4 613 -304 -192 -17 -100 634 361 -924 312 537 752 -230 -437 37 -54 -212 382 164 172 599 -58 437 224 -154 359 -235 454 115 -323 -104 314 369 132 366 -618 -232 -89 -475 -339 161 634 -172 -163 153 873 -301 -108 212 -714 77 549 -217 -157 -156 345 25 174 -212 240 6 417 125 -267 
58 -381 257 165 735 -304 389 -94 -274 359 616 200 267 -12 -146 265 -824 -86 34 -352 -418 -24 480 -630 366 107 608 646 -953 95 -595 238 -653 -453 -366 227 100 -13 -281 129 513 139 437 -415 -913 439 446 -400 -170 -20 -317 -409 -137 122 84 464 -553 575 7 -433 306 -896 -29 -590 -183 714 238 -112 -42 422 936 -284 418 -708 -390 -1043 503 -254 -529 340 813 -400 -620 -775 171 -462 -257 9 372 -602 216 671 -765 -133 225 166 86 334 -132 295 -227 229 743 -200 18 -412 60 619 106 -426 -454 585 218 -220 -22 744 330 575 142 97 248 266 261 -699 -171 -234 295 411 
-196 -280 443 393 -456 160 54 -417 -413 -446 -315 217 -474 7 1136 805 -331 379 396 -802 -53 -89 -370 -818 825 -17 46 -106 20 -199 439 -633 -606 -46 98 101 39 1031 -454 -979 313 547 44 -686 -245 -23 -545 -760 -669 -46 -246 -813 -344 323 -162 -603 637 549 229 -108 -192 460 14 224 46 -124 124 474 -276 -37 10 303 -15 283 -658 383 -252 -347 508 283 830 -45 -360 143 780 816 442 441 535 607 -79 -40 250 -396 6 -552 -15 1079 -349 -755 265 -330 -142 19 -367 -179 -13 1126 702 170 -997 -43 -117 -293 -29 -11 786 264 -182 977 176 403 -56 -424 314 79 949 -511 
234 -19 238 -774 6 378 174 -114 -104 -638 -187 -151 -172 396 -77 314 185 -107 737 -301 -230 117 133 38 -520 -246 -326 -93 412 -607 113 -774 134 -779 -163 68 -317 -83 -184 -307 -13 -12 -363 72 -95 -103 -283 394 538 -103 66 -182 418 59 27 305 -142 257 535 705 566 -320 28 -445 4 614 29 142 -659 185 -378 224 -281 68 7 -96 -770 -304 -316 -544 -115 -21 -101 472 281 197 58 -95 270 161 109 120 -607 194 -514 151 -45 410 -310 -121 336 305 135 -393 79 228 -230 -221 417 94 -593 392 261 262 -802 778 -40 138 611 11 402 7 510 13 836 648 483 128 
-160 346 -352 794 -113 -205 -117 105 702 -248 -319 215 208 -25 243 52 -46 -613 291 194 329 926 393 -58 452 -367 -404 -309 -206 -371 -1 314 -864 -565 815 -236 -283 609 -126 -411 352 126 -572 329 -270 -443 303 447 76 604 -49 145 84 -373 -299 86 -16 150 29 112 400 350 -247 510 -65 -548 -336 -40 -21 169 -581 184 536 -57 -941 1377 532 330 282 878 204 -330 694 -901 -89 389 -376 -186 -213 -75 94 -542 685 -72 -1009 31 -440 -426 491 633 7 -325 728 170 -175 -64 -3 -99 171 85 586 -1464 -506 295 61 -136 698 66 -350 -168 -493 -50 331 612 156 -127 204 67 
249 243 314 418 98 -2 312 -571 -466 172 -455 504 482 298 60 -4 -24 -575 375 -535 137 70 -645 -209 232 -146 90 -39 -223 251 172 215 -287 -633 312 476 251 806 -542 -274 564 784 -789 -34 460 -857 315 118 71 -293 602 -729 -8 251 -260 -672 -216 277 -232 -45 -255 738 -70 473 544 549 -247 187 410 233 -376 660 619 479 -401 906 -184 -126 1859 603 -430 809 121 -278 507 84 -98 97 -39 -112 379 -569 -18 -80 75 -37 -293 474 -13 169 13 126 -225 -24 -113 362 62 130 255 22 289 243 -44 -595 -247 -282 189 41 127 -278 69 -564 -213 -352 -182 -512 39 -620 
529 334 506 -98 271 295 266 -1 -376 -136 400 186 205 -689 344 -164 509 85 -45 -438 459 -392 380 124 346 71 603 -175 -155 -138 104 -36 -546 -81 -283 -249 322 122 332 -89 158 118 458 -661 -52 -256 -117 196 -424 219 103 315 -198 415 -60 -371 -532 482 366 -554 -14 79 158 139 -24 -251 -303 -70 282 132 392 -268 -512 359 764 -218 -510 13 107 114 659 -391 -582 -260 270 -568 546 -300 -675 -566 149 772 -744 -417 -294 -134 -610 -249 399 273 245 -219 -160 64 212 -521 -149 343 464 -103 353 4 339 90 -168 969 370 14 -246 349 -117 67 -165 148 388 39 365 -681 
271 229 212 353 474 -104 447 556 -139 8 -185 -257 -163 -1010 318 216 22 -274 77 279 488 162 473 241 -709 886 -180 352 159 395 1236 -401 -106 -709 276 568 -34 472 -22 401 311 238 119 126 267 447 -92 -68 640 -110 178 -19 673 -514 -383 507 -454 -478 -43 -103 144 90 -1 387 -158 -172 78 -470 -12 699 -259 -551 403 -299 -319 -602 -337 302 28 -433 988 -100 152 -280 26 -31 390 -399 197 -478 900 -256 -504 -300 -184 774 -171 249 706 160 -10 211 -602 -219 469 -644 5 289 -125 101 684 -241 183 38 844 1228 -150 -197 -209 -140 -428 170 9 -136 -52 342 75 334 
-933 15 -476 -49 -51 443 -70 123 -157 304 331 969 67 -444 -64 405 238 -113 -1310 -886 -185 -514 -129 -110 -98 -115 -323 -400 -292 451 -84 -98 -640 179 -576 -5 -532 -843 199 166 -118 160 36 -564 -474 -349 60 -104 -146 -161 335 -79 -65 -388 369 597 -431 -442 -98 496 27 142 -101 -822 -75 -190 -152 -561 -798 271 -157 41 214 110 -112 -696 752 202 -203 -426 -527 -385 15 257 420 9 168 -43 434 -517 313 76 -663 620 290 1149 -233 352 931 146 620 15 -329 -232 225 -337 -230 40 263 -575 -462 560 789 581 212 678 -429 323 281 258 -821 -790 -269 -331 547 0 136 -236 
301 -756 -397 679 18 172 54 181 515 540 -228 -80 417 189 243 136 -292 182 152 293 -509 -193 473 -522 782 544 -1245 439 -763 188 307 1067 -1040 -164 -34 -278 -446 -698 1217 53 -56 -201 33 332 224 226 160 -152 -645 -31 158 -709 -843 -213 -211 398 -171 60 798 -372 -276 -364 -463 -186 24 48 -461 47 287 739 197 42 -1069 -70 -114 -414 539 -1159 -547 -95 264 657 271 -125 329 573 -328 -582 320 219 -1184 -257 13 744 258 70 540 548 -1264 -393 420 542 -523 -242 72 -466 -7 645 36 -766 -234 252 -88 -685 228 -124 -296 -84 -341 -415 -253 377 -301 583 -91 -213 81 -273 
379 278 25 881 718 -69 -52 -259 -15 149 -5 210 195 -748 -862 -396 -170 38 -670 -209 284 -356 370 120 -559 383 120 -510 -418 891 419 -155 312 203 705 28 -197 -523 563 -157 297 -281 761 631 33 271 -227 -403 -570 -245 916 482 321 73 -185 269 274 -277 48 -639 186 276 -265 918 -9 -387 -283 -191 255 539 299 317 244 -73 151 191 802 749 125 -177 621 -344 210 -402 -185 -167 -75 430 -171 -31 443 546 74 -110 -138 1067 -269 -570 444 -242 129 226 21 -1 124 -243 -323 -640 202 255 -348 -385 179 243 718 269 278 -131 197 701 -285 -438 434 -186 190 960 -826 458 
-1089 618 230 189 208 302 247 14 125 382 34 -367 -243 -793 327 517 -1 -487 405 96 320 310 -126 -867 349 -235 -99 -436 -423 362 -433 -371 -195 -256 217 -439 235 833 -73 -112 828 198 -417 193 -409 -299 -26 -354 -337 487 -261 404 -1073 -206 -619 -107 -255 278 -285 -573 -186 -106 -131 -349 199 188 400 -445 -117 884 156 -404 -50 -42 -199 -140 315 20 977 1018 624 -9 -149 -254 398 305 -57 -355 -559 -649 -306 -546 424 -970 448 -582 688 1065 -152 81 -660 -1020 277 -561 31 792 -27 198 -174 21 509 -203 -110 8 266 496 891 -382 143 130 238 -181 -242 104 543 37 -744 -68 
-264 145 186 -237 125 468 -387 -137 -16 69 -533 -121 -276 -159 -521 822 76 -288 1084 271 -130 -102 -142 236 517 120 -553 -487 506 -684 470 317 167 412 -201 610 240 147 227 -30 154 273 -90 -332 -625 158 195 183 -37 7 -158 453 389 131 -316 25 -179 228 62 43 -269 108 206 426 -495 -312 -63 298 -474 393 138 112 73 -30 -438 -156 -606 349 319 -132 206 -289 604 -255 368 -173 -100 -338 194 -122 607 -432 58 -138 431 -115 -43 -130 2 731 549 -297 -305 -14 -648 40 410 -254 237 221 37 271 544 -281 71 -480 417 -375 -322 -1010 387 -297 -391 345 423 -400 441 -99 
240 -421 359 -119 -367 -342 -65 127 -290 -148 -339 -208 -229 -236 383 -223 -25 169 -201 539 549 -793 416 -424 527 -71 1145 -163 726 -165 519 -240 749 -258 399 710 617 369 -808 -463 -604 70 257 -1 454 511 370 288 -1004 -407 -39 232 -368 -406 508 -231 46 -731 1027 226 -605 -168 -71 374 550 285 -204 -287 208 -175 -756 -535 170 338 -462 226 -183 -170 800 -128 557 345 -195 141 116 371 282 238 -168 374 10 -13 453 -286 189 87 -940 873 -324 -13 -331 -280 378 -544 361 91 26 322 -345 215 233 220 146 56 638 -392 474 371 378 651 -12 487 120 -23 -312 451 -127 556 
271 584 520 -252 -340 213 -367 -41 -121 381 -202 468 -8 339 -384 -142 -49 47 695 -708 -113 -544 291 -153 -207 -413 132 127 -562 -219 -172 317 -300 92 -332 -771 -184 -115 180 -347 215 138 733 -395 21 681 -152 -281 -91 -462 396 25 -559 291 -673 124 727 445 627 1124 -165 -477 -123 372 150 362 279 313 151 -34 -290 434 276 141 -102 -295 130 342 -324 -266 228 -354 -104 415 249 -69 113 52 -28 -547 193 728 -882 422 365 53 -193 825 -471 295 94 43 277 -838 571 -100 238 729 79 -53 -839 -58 77 -14 -798 421 228 -142 523 441 948 230 -12 -248 -153 362 708 -356 
371 -38 62 -77 366 -146 -564 516 206 -221 -717 712 -234 -130 323 294 -326 -995 -106 -102 -239 463 -342 280 -875 762 285 604 -209 247 1161 -98 -48 -191 -48 -24 -38 -360 166 633 -722 -535 452 -342 194 526 593 -180 -306 415 -664 -40 81 96 -501 -15 644 224 -33 20 -34 -338 20 -629 220 -119 110 -548 303 478 -625 26 54 67 212 6 167 1171 8 -563 -624 -6 50 -964 -826 363 -29 1123 31 -644 -103 -251 332 84 415 499 373 -429 134 279 -342 -19 -286 -128 -18 -53 -47 -692 -47 88 -325 -697 -607 -877 517 -163 357 -519 -386 78 364 -86 456 215 -479 -66 -541 327 
832 324 -488 151 -805 389 -411 278 -887 165 80 38 -828 -777 -362 -531 -277 89 -355 42 -125 -238 196 539 26 109 -571 374 -206 148 51 531 -450 528 -143 -246 -176 -429 544 -460 -215 -467 -274 -789 -138 495 -250 -12 -31 468 -62 333 -789 -17 74 -363 122 -221 103 -49 268 -122 -256 -294 308 374 -326 -19 41 -238 -721 -776 -380 116 334 11 -423 408 -390 -437 -872 344 45 128 418 854 -64 104 -181 -74 -1108 -434 -467 -90 120 326 -465 230 -497 -84 448 -252 479 -428 70 95 348 -178 -543 210 174 73 -374 -95 -31 -157 -413 -66 440 103 84 -167 -262 -132 -167 -400 -299 -243 
-8 220 -101 243 -106 3 342 -89 81 -126 -237 -625 -171 -336 -171 -328 -326 516 -237 -462 -356 152 441 -596 -355 -44 235 -252 670 -300 -530 -277 305 40 -229 263 -125 764 64 231 668 -497 470 -452 -220 54 -505 236 258 -1071 -676 -65 -344 -47 -228 -246 489 81 -694 -325 -619 472 -672 -328 -414 453 352 -334 -164 108 179 292 -564 281 63 378 60 149 61 564 -206 219 -276 466 -114 -158 322 305 -231 -103 -57 23 762 -202 -42 -512 468 143 1135 -505 -464 144 -7 164 234 535 -326 132 -597 749 151 592 -58 369 -631 546 85 115 104 562 271 445 233 1071 124 245 -291 -497 
1 -169 -707 -1126 346 301 281 -967 -159 604 -133 -989 231 -278 -137 -467 103 -28 288 103 -236 633 -124 177 606 -632 -261 -906 -428 -1166 -824 464 252 -564 588 246 325 81 -1 -124 361 358 -626 343 -793 -192 -435 -437 103 -567 36 319 -13 -618 332 245 -581 -877 323 -501 -295 -18 -703 211 -614 184 298 234 -363 -230 188 -314 100 -85 -53 -47 119 -979 440 12 984 -914 -520 -65 416 34 -381 159 449 -157 433 285 -87 234 -176 77 -478 -236 295 206 -294 -422 424 258 -261 -292 -637 110 -187 76 1029 -14 268 -688 340 -311 -468 361 340 -849 -392 -128 -348 24 487 -633 257 492 
267 -252 253 315 345 -154 2 57 378 -838 -716 243 642 -39 360 130 -475 -238 314 -439 -371 497 499 -592 -109 -53 475 537 538 418 -451 269 -598 -253 -344 -11 -745 -168 -2 218 -73 -92 339 132 -62 51 340 -51 -175 317 -250 -284 -105 167 -61 393 -100 685 668 38 535 -50 -247 404 336 135 -20 -319 65 293 751 394 365 -328 -14 -59 237 176 -106 188 -50 -261 -133 -134 -328 232 297 179 -713 -270 -310 187 -97 -545 -463 41 -128 -49 -469 45 -195 -192 -906 -176 -581 424 -581 -113 334 750 -573 -786 352 -250 -1 389 -50 -28 306 211 162 514 -57 290 -266 -226 308 -879 
307 814 -124 -223 -162 359 710 452 248 -307 -511 94 -392 137 215 -118 -376 -364 -969 388 35 266 24 -433 -82 -368 -230 -559 -102 -30 -54 -502 -797 -132 -137 209 -212 6 816 118 -398 33 217 337 72 171 -195 -207 898 46 285 -484 278 -119 -263 409 -337 -328 293 -240 506 -294 81 344 -639 -86 440 -180 301 -495 -309 -122 326 -170 -126 69 217 -190 571 146 53 -775 219 61 -479 451 -550 237 349 -49 -240 7 -91 -69 214 429 -611 -441 922 -190 -22 115 -239 260 117 -262 447 -28 286 478 -308 -287 566 -6 455 -428 -471 188 514 994 -409 426 163 390 -1171 237 -283 -210 
100 149 272 84 299 -242 946 -651 52 502 -27 -452 611 -118 -416 130 123 -164 44 -249 -436 141 114 -204 273 305 53 -565 -226 -473 -238 546 227 -198 -562 -202 483 238 -461 -890 299 -333 316 -90 -829 153 4 -121 691 -565 -65 113 -438 120 -28 373 -505 1017 -138 -330 0 -369 -712 302 -332 448 10 -139 533 0 423 304 -53 -759 -359 21 1085 116 146 428 687 15 -69 -23 366 -74 476 633 520 -283 127 -62 82 -472 -49 -207 -36 713 227 -30 -828 90 467 183 881 149 191 599 250 -722 -320 -611 -485 750 -398 394 1109 -472 -51 -96 -120 229 181 662 197 -191 62 97 
198 -271 -90 339 -462 -285 -5 490 -334 438 -144 -201 -59 293 -551 -73 663 -160 327 -285 -770 -23 -629 -46 34 271 81 244 297 -323 283 -689 433 -577 -381 -487 -487 17 235 -485 -283 -462 590 -284 -157 3 -472 266 -151 -258 86 -430 524 -43 277 -454 -277 202 787 148 149 189 -532 14 -119 -97 -164 -92 -643 285 33 -66 175 -130 -225 7 -483 592 -387 -156 307 -40 -343 -419 542 -281 214 -76 320 -295 481 363 -306 94 -249 975 -640 59 -386 441 282 -281 110 313 241 -331 -350 -317 -363 102 -434 726 -89 -22 210 40 -2 -102 -736 304 -344 -413 227 -257 -205 -265 519 -249 
-435 -105 -341 163 283 639 -685 -231 -8 271 116 202 561 261 -224 -260 -466 633 498 -516 143 1 54 -237 -155 -581 177 280 497 -684 -787 -384 -283 -1214 -393 2 77 995 -129 207 222 -470 -719 -150 -542 -155 -295 -276 -224 116 -461 -159 -78 403 -240 -247 -192 431 -206 303 115 268 190 -304 707 175 155 331 84 -706 713 339 -376 238 142 -112 -805 248 -314 242 -549 -726 -164 20 -412 850 451 498 49 -132 -488 -658 -161 -18 -532 112 -538 14 -411 134 -102 -30 562 393 397 -105 -325 -512 166 -679 171 78 37 5 -372 -285 74 90 -571 13 -12 66 -513 325 542 4 324 -309 
472 -527 371 143 237 316 511 10 54 -5 -172 -43 -31 -509 -254 363 531 801 332 -580 77 419 -88 -58 -112 -92 -5 -162 897 -146 204 26 -352 -494 -275 182 -90 573 -564 -495 106 -445 -107 -85 784 298 -398 -89 280 631 -645 -274 -286 -154 -154 -720 142 885 -34 -182 98 -75 -442 26 229 -322 48 596 -203 -113 393 155 -334 472 -32 308 128 152 573 138 487 193 51 240 391 168 73 -67 -141 -446 179 140 334 401 -764 -140 145 -32 986 82 -134 -362 -572 654 172 98 -529 365 -183 440 275 -835 829 134 -446 -77 308 -21 -5 -35 -4 748 -116 835 505 -386 -534 -507 
-344 -428 4 -315 -645 624 -297 221 493 -300 367 -220 74 -210 28 204 581 -469 10 507 -205 337 238 -381 617 641 551 -57 -248 -188 -712 353 463 263 -258 -34 114 -792 687 915 -567 -6 -451 1029 -180 -669 331 593 -514 265 36 -107 470 -289 346 302 -381 64 395 -181 27 673 -50 -160 -525 -176 184 -208 -149 -620 47 56 -41 -656 881 -726 -306 171 317 198 -491 493 -177 -469 -662 14 170 -193 281 574 -887 -587 -165 975 -75 -26 -868 -324 206 -70 324 -42 -261 47 179 -1417 -57 270 675 -124 -132 139 291 -168 631 -581 132 -743 810 218 -124 -151 17 -668 -178 -11 -218 292 
547 234 -147 -334 223 207 -253 19 -261 -50 218 -40 167 214 -291 -466 354 201 -70 -716 218 1085 15 662 -143 167 575 -586 -285 248 -598 325 -253 -669 165 -502 478 -72 -128 -245 -204 154 -74 -540 318 -226 44 93 -145 479 -588 550 -553 177 -199 -323 -58 931 -16 76 239 -109 -499 -629 -587 -400 52 505 725 -595 -429 -823 -440 292 -201 45 713 223 408 -258 -435 -100 -427 -482 679 173 -443 -135 75 -507 410 501 31 49 301 555 -198 528 130 84 40 529 173 -165 338 856 -180 147 217 60 170 -72 -80 -658 -860 -193 242 -127 444 -245 103 -583 -47 525 98 -318 210 -430 
-1217 -525 -742 -222 139 358 862 -339 -236 -171 36 122 267 -726 274 816 -10 -264 -2 -678 -152 869 -391 -119 246 -1103 -116 -627 -536 247 -156 -94 -270 -450 -118 488 498 -8 -520 730 -270 -39 -324 610 -369 499 -514 -181 -362 -320 638 227 -237 210 822 329 186 -182 -945 -25 341 92 539 -84 92 -250 455 -196 -60 409 1016 477 114 -172 -491 433 342 289 621 363 644 64 396 -279 455 -559 -22 -55 272 -80 144 -202 -79 -9 -382 -278 311 379 377 15 -40 178 279 6 -570 231 -363 -250 65 -434 -239 382 152 859 -519 412 -425 454 519 159 31 43 362 -220 45 -226 388 324 
657 235 -86 389 374 154 -231 117 -479 -3 99 293 -412 -69 785 198 -632 628 107 -91 444 131 -779 -347 188 -62 -466 -527 262 -502 125 -224 -891 -142 501 -42 83 867 373 -677 -668 -85 -550 -567 -34 405 355 94 381 -125 -1 -238 244 341 -47 -712 5 -660 -314 617 -455 461 103 63 408 -447 -380 663 106 215 -101 45 -573 188 40 854 -598 110 418 -240 -398 -1000 -61 269 -219 728 633 77 126 339 -175 -567 115 -24 -142 -65 -215 289 -351 -380 196 -139 -615 -47 -557 -70 -735 299 -278 -137 343 -64 -814 -1082 -107 -480 73 -89 -805 69 294 442 -322 293 25 -145 531 -493 
-599 961 -120 428 249 66 -64 -1139 -201 102 407 173 -121 -941 -353 424 -693 -412 114 -471 414 -1056 151 -210 106 96 27 299 26 119 -373 -449 -117 -653 -480 -155 -16 -366 -760 462 63 444 -462 -18 -703 -514 180 -97 -566 -338 767 218 364 -103 455 -115 46 -671 258 -514 -1023 823 61 214 -199 434 -188 -449 -378 803 301 256 334 -375 -26 -849 -406 -205 484 -1094 903 -506 208 -677 415 -515 -248 -397 356 42 1354 228 -188 -271 -360 659 -168 -316 -137 -194 69 221 -212 -247 -969 -437 -441 178 61 -209 322 952 -49 -412 -246 426 126 -319 420 -643 -58 -670 339 261 461 -180 192 -507 
33 87 -52 27 269 35 428 65 99 162 -605 69 -613 -925 488 171 -662 -64 -497 349 45 -154 435 -86 -559 821 59 189 -61 880 25 -53 -51 578 -165 965 -176 163 637 266 -183 -99 104 255 -175 236 202 11 -29 350 335 115 271 147 -315 346 480 416 -325 167 384 -138 -289 -902 -29 -193 -548 -230 363 -366 -468 -310 -89 58 378 -147 -175 394 -83 -405 523 -194 -355 -450 101 -560 -14 339 -560 264 226 280 -20 339 430 -595 -1022 -251 133 -66 -455 358 100 -216 -65 -90 -174 292 -231 -88 -199 -248 -2 -730 847 -482 19 -54 180 325 -412 38 -144 -530 -964 -12 -285 234 
537 420 -166 -128 -110 -383 -384 318 625 135 -760 -158 -134 99 447 -285 -670 -175 -459 208 -125 -485 282 1127 614 120 -797 958 100 -105 413 251 -164 389 206 84 -118 -242 352 208 -433 103 99 190 182 423 170 248 117 -41 841 375 -101 630 -901 311 463 -606 402 401 -460 144 31 412 -254 252 246 -403 116 188 -494 -282 54 945 350 -347 19 52 -40 -401 -224 -480 64 -944 525 172 4 -417 -660 274 -464 364 456 -667 961 -36 -62 411 -555 24 481 89 38 -450 688 -147 437 66 144 206 314 276 437 -18 299 434 -1030 -323 -277 -745 -7 -43 2 367 144 167 -58 -243 
-179 -371 -688 -385 104 257 100 -229 -83 407 157 -334 -396 22 -753 384 -549 780 -288 201 -191 10 218 485 30 277 -392 398 -101 -833 127 -270 331 -143 370 292 312 -103 89 -268 231 -740 171 552 342 -161 207 -1161 172 -681 83 -109 24 106 172 15 -448 -401 -669 -586 -392 93 913 476 -79 -28 29 -91 -117 42 420 319 -371 735 -7 691 -125 -127 -773 -534 608 -90 416 162 -67 168 546 -699 123 148 -6 -274 463 -1048 7 -633 -416 -652 334 252 126 -181 301 556 -200 -421 -592 -175 334 -393 258 -289 355 809 761 395 407 485 -25 -113 63 -68 -625 -142 629 -324 -285 428 
-332 257 131 -317 -45 -54 -407 -493 -170 -451 334 70 -592 252 149 245 611 -359 62 -547 41 -79 0 181 -4 -201 139 -327 -777 -370 -1105 -879 373 28 -40 -365 -159 -384 589 -1115 -555 612 491 -292 529 -301 627 -719 -553 172 -85 -132 255 -66 -148 -893 498 -75 -93 934 197 56 535 -9 -348 562 -348 -446 236 8 -375 -166 -457 -178 527 -23 -20 -227 496 387 48 -610 288 74 345 -95 186 -388 365 875 -722 -338 -35 -667 790 163 -153 906 -148 293 -90 -388 1001 -769 575 325 -359 265 -266 106 -76 190 -234 -292 -567 134 -32 255 -141 65 321 -874 510 -337 82 -170 336 -255 
105 -23 3 -306 -275 205 406 606 412 -163 57 404 289 159 -647 -271 -113 -172 302 173 -199 30 9 55 357 -306 51 71 -312 -561 -528 277 -983 236 -187 -619 -251 83 -121 -199 -142 -399 -224 -81 -832 -630 803 40 560 523 1071 164 -41 -265 -387 -222 674 -904 647 -438 331 -255 -221 539 151 113 136 487 293 -502 325 -174 752 -383 -220 159 -262 -274 -536 -1137 -741 -695 304 -1027 -241 -856 -95 -351 190 -566 -127 623 -24 282 -413 45 -236 -644 -296 253 295 -397 -75 267 -308 -671 147 337 368 -387 149 124 244 -251 221 -676 -285 376 114 -133 762 325 -130 272 33 101 -70 -168 
927 86 57 280 832 -713 -109 -865 114 204 565 116 272 77 -249 -637 883 233 -654 -418 134 217 -640 16 -167 160 173 -355 -768 387 -1022 211 233 5 257 -48 131 114 -233 -198 176 529 -62 -158 834 -370 -209 -533 -840 -654 257 691 -426 657 -215 -284 431 57 -411 296 -87 -111 310 -96 799 -454 226 220 11 -354 -731 -269 -487 311 -211 -335 -249 -356 -256 -4 -4 -213 -396 -165 127 307 -224 77 32 189 552 162 -239 160 118 77 -508 814 331 131 -374 1220 -51 -545 317 64 244 -246 -811 81 19 141 -746 31 -206 1026 -274 -12 100 111 134 -46 -236 -648 -196 254 104 363 
4 -337 679 -216 430 524 -260 489 -386 -143 286 202 -340 -217 402 -64 -43 963 -332 -442 -174 756 349 166 -86 -22 -140 425 340 -142 861 -402 137 970 -448 -632 -158 1005 -120 -109 -347 182 331 -415 61 24 -36 293 143 -55 -235 -153 -98 -308 -16 584 285 -28 -647 386 -605 327 -459 303 139 61 -286 310 558 361 -49 218 -86 259 -715 401 -114 111 579 -318 70 29 -336 266 -84 333 431 408 -852 499 -127 -249 -156 353 124 -161 404 358 301 419 -601 -218 415 -779 186 -202 47 162 -187 4 -1150 -540 -428 -477 397 450 -517 -920 764 -153 243 192 -752 -79 0 -4 -313 368 
-31 373 285 138 -587 382 -14 160 -25 -498 -175 -201 -665 -457 59 -145 -300 88 134 -113 364 60 24 1105 -154 129 -768 137 248 -64 -264 405 -187 -278 -302 79 -356 -702 646 449 -538 31 289 313 23 516 4 -241 -82 387 -99 55 811 785 -244 -495 -247 54 359 -254 64 -456 69 426 -149 -381 -567 234 250 -710 123 -287 459 138 388 -449 -451 796 -518 -814 584 -596 -259 612 241 -257 231 -191 -472 764 -810 837 -174 -1310 376 179 -192 -705 -108 139 180 235 459 614 -316 -60 22 -62 840 -138 115 -591 -211 72 -527 -102 -196 292 -255 36 -513 248 177 475 -171 126 -12 -636 
445 -210 285 418 8 341 4 48 1061 -85 -102 781 169 487 -68 3 171 302 505 -112 -116 -201 56 -131 339 -669 -743 175 -366 -567 569 -22 -803 930 342 -93 -6 380 -352 -1304 -200 593 -6 122 -27 -415 468 359 148 -571 445 -441 -1052 -187 -616 -58 148 470 533 627 -562 139 -248 -83 305 402 -455 249 744 -107 -52 463 -506 479 -149 817 385 -421 -290 -184 -536 -43 651 -520 837 -28 387 -493 22 593 -671 -395 205 7 -107 -733 18 660 -181 -277 225 49 753 -223 1233 -5 524 598 924 -531 -168 257 524 -159 -173 -98 76 205 -219 114 181 472 -316 -248 381 -84 581 -292 
42 -63 218 169 102 248 -159 384 -237 -539 284 -67 -459 -34 252 411 -39 245 407 -166 -596 442 -457 -321 -505 376 172 -347 -748 89 -238 -282 241 300 -312 -677 -164 807 529 -691 75 -802 448 -440 -501 -578 320 327 742 -389 -625 -108 -508 426 42 -509 -525 1065 -126 -776 306 430 63 -470 31 -28 -31 -165 633 143 -225 -579 39 -348 -433 389 -215 109 -402 506 -383 -121 -119 221 41 -6 -241 392 -738 -380 529 -200 174 -339 64 -23 713 -298 42 136 -286 -28 -277 -586 338 78 85 -650 -384 495 -570 -210 -605 363 -507 532 1089 -523 -170 161 528 97 395 -85 -429 -320 543 284 
-454 -955 -207 -56 141 150 -350 -101 -364 -525 -353 -238 -767 -48 427 417 80 -554 252 -844 -599 637 -53 -683 247 114 -221 320 -439 130 -410 70 -324 -653 250 738 895 692 29 355 -136 166 -320 208 297 -411 474 17 -832 188 22 210 308 654 491 -159 196 -148 156 478 342 302 518 963 -287 19 -33 -153 -167 -844 151 261 -1108 -503 335 -74 -362 610 462 711 359 -976 43 226 44 225 -323 -928 -108 45 412 -699 -68 -94 828 369 -167 586 -65 71 618 170 111 -568 244 543 5 -344 -595 -103 167 575 -45 501 -316 468 -473 -37 -583 -87 -42 -379 95 -462 -163 -31 697 -30 
-227 70 756 -172 374 730 -13 227 -286 -447 -747 732 213 -354 -42 -35 -275 -328 517 -548 282 294 92 -792 -76 793 311 -364 187 35 258 -137 706 -197 1073 270 -399 198 118 288 -873 -805 -175 239 453 384 221 134 253 223 -246 949 -342 537 -246 -211 330 514 -183 -727 -224 -460 27 -248 633 410 -766 -26 -355 -382 644 120 -92 -501 230 -216 -817 520 -420 137 -9 -105 -173 193 -551 -19 -537 919 -1108 -366 -481 -229 500 -784 -828 -221 735 -555 72 686 63 -443 -498 -65 -264 357 -135 -1405 -377 562 -26 57 -179 -489 303 -105 1227 227 216 -410 208 -168 305 616 82 -555 -606 693 
-1204 -286 -695 69 277 -506 317 -139 -14 480 276 -114 156 -484 235 -459 -1050 386 -1265 -333 180 -507 -75 -91 172 115 227 104 1201 333 146 260 -699 369 -1216 359 734 -66 376 901 156 70 667 -209 -275 750 505 -97 181 -266 540 -219 -210 -211 559 -101 602 -777 186 860 170 -175 -146 -603 550 801 341 -433 -525 1001 263 224 -963 21 445 -992 314 -210 7 -32 -707 63 329 402 570 80 424 7 -301 -377 -640 410 91 826 338 -263 299 -137 -342 -503 185 666 -75 695 -503 76 -32 155 -834 -777 -257 1340 -97 395 -404 -719 -373 249 -351 586 -31 403 381 144 -58 701 -298 207 
-389 546 -374 260 10 204 -273 -356 -337 182 -517 -317 102 -717 44 19 -279 -64 -746 521 424 -570 380 497 -259 -726 406 -331 1016 -998 202 582 581 892 -524 137 -22 340 -860 758 281 416 -173 850 -506 153 -104 -535 778 59 351 -19 -393 339 -70 230 793 -350 -420 233 306 -239 342 473 531 -676 182 678 -748 -172 -926 179 -95 642 197 391 77 395 -263 -62 214 778 -500 363 -810 -226 -51 579 -488 237 -215 -168 422 -84 -301 -580 -521 -283 213 -165 48 -338 991 -97 90 163 371 -93 -234 -87 -197 20 -32 914 -167 119 -180 -919 311 -315 -523 67 -535 -320 547 343 -535 -27 
-1036 422 -29 191 260 44 312 326 -74 354 -269 -355 -369 -517 492 -261 219 -356 30 -107 284 409 116 -194 -1095 53 -1 -374 511 -281 -56 -171 -56 331 -315 -235 430 729 69 4 87 -68 246 870 271 -224 -330 500 1146 508 -525 -250 99 194 -444 -168 415 -317 -240 148 610 68 23 -272 -67 -55 7 -212 549 -334 399 -644 -331 -485 1066 -171 384 261 453 -700 -31 -694 41 851 -618 -623 -415 277 -791 405 -189 512 346 -233 -234 -324 -12 -329 150 -543 -142 -131 50 399 -243 -146 -226 189 -125 -89 461 133 197 -355 -228 -387 -639 -793 -148 83 -782 -434 -305 -415 -338 -869 -347 -422 
-39 -235 872 510 -295 -518 25 -234 457 106 200 506 -201 135 -23 918 -120 -114 120 557 -341 -153 -5 -521 724 -624 812 529 60 -630 343 -74 -511 -493 381 305 447 840 -1745 -947 -571 636 -234 -502 -67 -559 562 -224 108 630 -185 -491 -197 18 -243 -248 58 -23 267 383 -245 -147 533 -401 370 -131 225 111 -170 494 -136 -102 -674 405 -646 265 -506 -77 436 -152 53 126 71 -341 -334 431 165 17 -66 -423 557 -698 150 47 79 -470 -228 457 -403 53 9 -378 325 -208 201 -287 303 -280 -382 -569 128 230 -273 756 754 -458 1045 -446 -1121 50 -43 389 145 152 -846 6 607 50 
-380 249 12 -206 335 -202 -79 -859 -401 -288 -43 145 388 234 -715 -15 216 -246 173 -90 -110 297 -88 -56 -279 -154 -318 163 -7 572 -85 58 -603 -1047 192 420 -313 -171 -474 -325 -328 -306 -48 249 215 182 -301 -24 93 100 -183 -361 168 220 127 -131 -299 -185 71 -329 248 277 -369 -740 216 -54 89 205 178 499 479 -959 156 139 352 -228 -75 608 84 -542 503 91 -310 -368 767 -320 -364 -367 -39 -875 1045 -177 69 277 55 45 1056 -342 385 313 -455 -31 -326 190 -872 113 -556 42 -161 -615 70 89 130 -466 268 842 -213 438 -300 -64 98 -409 -25 605 -5 -738 240 -209 
41 157 516 -300 -615 409 400 -101 -314 133 -449 -159 60 260 540 -984 409 -946 274 231 122 202 -602 -112 408 397 459 -540 -187 -868 -121 556 256 261 500 280 831 110 282 -193 -234 -365 834 594 475 650 -674 97 748 -105 168 774 -724 12 165 737 -183 35 64 -255 347 -490 -576 -190 108 -338 200 66 -87 -52 -528 -23 383 99 -13 -431 222 185 101 1018 71 -145 -8 572 -409 -534 126 61 -481 -441 115 103 -69 -381 214 -143 -211 580 100 639 -364 159 -120 459 1104 427 89 -155 -1048 42 882 -56 -315 465 174 603 -97 65 297 6 -138 318 545 176 -152 134 32 934 
-161 -246 -41 -608 -332 52 342 -295 -16 476 -266 16 140 378 -262 -344 -175 553 -245 -402 84 535 216 -345 -382 352 -50 -559 463 126 -446 -799 5 -170 244 -521 -195 -106 -148 232 -429 311 -167 109 -467 -194 -309 60 671 -667 494 -46 -49 -184 -179 87 -183 146 -725 -468 -526 950 -274 -292 -138 -128 882 -530 -223 -17 -189 6 -58 85 -694 24 -275 -604 37 163 -24 -294 -878 -587 664 69 -283 -328 150 0 530 476 -544 413 244 -261 171 -54 482 512 583 -64 -125 257 324 97 60 -177 -346 31 126 597 609 -359 429 277 562 156 502 422 -324 -411 -311 732 123 250 -334 -49 
-409 -1 967 315 283 374 -129 824 -534 -548 -144 556 64 737 31 -497 -471 -59 786 -163 1209 -88 -162 716 -36 303 210 23 -271 -398 715 385 52 -82 76 -406 372 344 -968 193 16 272 130 -671 208 691 162 -4 -826 144 4 231 -133 -225 193 244 354 -46 -506 -525 -439 -510 -16 -16 139 482 -386 379 1220 623 84 -21 -282 282 -246 -386 146 45 397 -100 672 -198 -367 -136 -712 67 -236 56 578 -13 293 -302 -75 343 -521 365 823 -130 -323 -476 -834 -116 21 -201 279 623 463 465 -251 -383 279 -106 260 -764 -266 -602 53 -768 205 200 1412 213 -240 620 -84 364 157 205 
416 -601 332 -43 94 48 594 97 918 -5 -341 483 486 343 -294 231 -365 378 -695 -600 -176 691 -273 -717 356 -172 973 -102 216 300 -676 -155 -934 -966 254 386 -216 -313 -129 441 -296 -115 24 -17 418 248 -384 -118 326 405 970 -221 397 62 201 644 780 34 -141 369 -205 -209 -399 -641 -245 390 336 20 671 227 248 64 -493 540 -183 202 770 -497 251 -470 90 -267 -336 -368 -69 -68 238 121 256 -276 156 443 394 185 340 218 291 285 314 -327 -35 521 -660 653 -247 112 -537 615 -459 161 785 327 205 -309 415 -298 249 915 -282 516 -153 -233 798 722 -398 133 422 -417 
258 -176 -843 -545 -10 178 24 324 -113 408 131 188 -20 -213 -383 128 333 -423 -415 500 269 -121 -572 689 -128 371 198 -359 -210 -279 86 -623 193 239 -543 416 -306 -649 696 727 -265 -264 -127 73 -625 273 1072 91 -519 347 257 438 579 -306 446 116 699 49 -183 339 334 97 -467 -390 -263 -701 156 637 -302 -54 -550 -94 334 -600 790 -581 -496 969 -35 -956 107 154 -88 -135 -851 -340 -76 179 1152 -403 -2 -132 -53 425 -594 164 -664 -372 153 -231 -355 626 536 24 277 -397 -210 -164 181 -247 -15 258 -389 373 214 -315 -428 -465 377 51 132 -160 -481 -387 404 624 -363 328 
-402 184 755 -237 313 94 163 301 -51 75 -728 545 -88 603 -235 -213 -863 95 -195 175 748 191 449 67 -1716 -196 452 -84 299 773 190 -472 622 -271 -377 -193 -282 -262 -640 256 460 -217 -133 81 70 44 234 208 -21 288 -686 -222 -146 630 -68 -31 -88 -60 76 92 210 -236 104 -327 -504 243 -481 137 367 629 89 -5 136 520 863 169 315 180 320 -257 -120 47 -81 373 -502 41 -389 214 -709 -424 194 -356 743 -163 -202 -304 325 -388 -684 -761 -791 -614 91 -417 315 905 -206 -316 -454 -91 278 -62 561 395 59 -137 4 102 37 84 32 -805 -815 -13 74 -472 275 -416 
-283 -358 -575 221 389 -953 686 431 -532 256 331 -55 -289 112 496 -169 775 -300 -132 171 74 -504 -392 -206 37 309 439 161 45 219 -41 -284 377 -201 -70 678 -220 -119 467 143 849 -204 403 181 -243 316 -22 -374 -310 79 -8 -163 887 10 54 -570 414 -10 -181 295 -437 -627 591 -467 371 -177 426 -217 369 981 -729 -7 223 -173 -930 -356 96 103 205 476 297 461 -307 173 -228 -21 680 5 -399 186 451 -31 241 111 -107 -183 -583 1036 -206 -216 -394 380 -55 -110 93 -307 117 199 -154 154 122 17 -906 -478 62 -195 -222 122 -249 222 -40 -441 -351 -141 -703 685 410 313 
-251 -85 696 -17 202 404 -235 -315 1045 -936 -100 99 -378 902 -336 60 -551 -144 185 466 202 51 684 389 -557 536 168 -542 -860 -865 -54 595 35 -623 373 -202 1 -400 42 43 -327 -116 -364 -117 390 167 294 568 -239 -483 -73 -78 992 -296 257 -231 -247 -486 718 72 -246 128 -187 -177 -774 324 -170 -21 733 223 181 141 -692 -604 485 -360 291 -161 -488 -337 -66 -412 413 124 -487 468 -457 344 618 153 -220 281 -45 -84 352 645 429 -27 -740 -54 485 244 -423 -195 -36 109 43 -542 -100 -1071 -243 104 1185 -42 286 -79 84 -136 -140 -147 -12 -138 446 -117 75 -45 494 135 
-224 845 -93 -335 -347 333 -196 158 392 -171 60 -221 -175 403 -317 230 -66 -1046 -66 -670 87 88 96 -45 -180 -211 -126 45 401 342 -386 124 413 -260 -52 -915 -202 45 -367 -207 -325 -197 -454 463 7 238 -626 123 347 -43 -232 226 227 -250 -127 282 220 943 -50 346 543 378 -1 56 -281 -262 513 368 682 213 -767 99 566 98 -572 -178 718 -131 -168 -80 108 306 -361 -1114 -145 30 -120 -121 471 559 604 315 -619 196 -328 -201 -504 -324 -157 827 -7 -40 191 -316 -448 -141 -339 -118 1196 68 -1105 -501 122 -253 -12 -58 70 -455 1186 -575 140 -332 -755 -167 483 267 58 -428 
37 216 219 -165 -996 -559 12 -18 -187 119 -176 -384 -681 136 198 -753 434 -229 65 -99 -293 -535 199 -703 -92 383 393 -253 -562 -296 -113 250 282 120 176 -51 399 194 26 -512 -116 -82 69 46 513 144 -515 393 174 -269 -605 536 189 178 632 -37 -51 547 -20 282 206 441 299 510 -568 -741 96 -330 514 176 132 -355 98 115 -123 -31 110 -273 -164 577 209 -342 288 192 567 704 -631 142 -384 -136 420 -424 76 -698 910 -543 -76 65 -305 -597 277 -188 -132 8 113 -170 -398 -467 -862 524 -72 37 -364 152 403 -237 303 36 -782 514 55 -350 410 -208 -465 143 319 281 
333 685 -827 -448 -198 446 -426 -1016 44 -160 452 318 379 -62 -15 729 38 -107 -466 485 -445 -267 231 48 0 -96 -71 -541 -31 -520 -502 -73 140 297 -818 -38 -270 -9 59 15 274 -77 -378 370 -305 -172 -26 -523 0 -543 208 -70 -981 514 191 -243 -65 360 66 -741 -514 411 117 -80 -86 -471 294 100 77 -455 -202 81 -98 -418 139 333 -544 -643 -497 267 614 -195 467 117 -184 -92 -428 402 246 -404 144 -90 -404 -418 -151 -586 -148 -148 239 34 -91 85 642 683 -56 -284 -243 -323 99 273 -629 95 -153 -45 -247 -88 435 202 153 241 -237 170 564 120 215 -398 -711 502 
-155 -358 90 52 -150 -275 -243 145 -187 339 -152 106 377 -219 674 358 66 530 -487 -267 423 -432 -377 -218 508 -595 500 -248 655 193 568 -1224 534 196 -925 269 -82 111 -89 697 814 -115 -245 -46 -803 197 431 -396 -787 322 -393 145 -95 901 -247 623 -200 687 -211 129 416 189 -68 143 -278 -820 -449 -18 -291 -19 1108 1263 569 43 -277 -6 618 -551 70 791 579 78 83 404 -95 -190 -12 499 645 5 -98 -297 290 410 -144 82 263 93 -62 -487 -538 -178 -16 407 124 273 135 469 939 63 -789 -71 -391 -181 241 -147 5 -309 -67 663 283 554 79 641 204 340 98 511 
Execution time: 37.6303 ms
