Algorithm: Bellman-Ford
Source: 0
Vertex Distance
0 0
1 -2
2 1
3 2
4 5
5 2
6 0
7 3
8 4
9 7
10 4
11 2
12 5
13 6
14 9
15 6
16 4
17 7
18 8
19 11
20 8
21 6
22 9
23 10
24 13
25 10
26 8
27 11
28 12
29 15
30 12
31 10
32 13
33 14
34 17
35 14
36 12
37 15
38 16
39 19
40 16
41 14
42 17
43 18
44 21
45 18
46 16
47 19
48 20
49 23
50 20
51 18
52 21
53 22
54 25
55 22
56 20
57 23
58 24
59 27
60 24
61 22
62 25
63 26
64 29
65 26
66 24
67 27
68 28
69 31
70 28
71 26
72 29
73 30
74 33
75 30
76 28
77 31
78 32
79 35
80 32
81 30
82 33
83 34
84 37
85 34
86 32
87 35
88 36
89 39
90 36
91 34
92 37
93 38
94 41
95 38
96 36
97 39
98 40
99 43
100 40
101 38
102 41
103 42
104 45
105 42
106 40
107 43
108 44
109 47
110 44
111 42
112 45
113 46
114 49
115 46
116 44
117 47
118 48
119 51
120 48
121 46
122 49
123 50
124 53
125 50
126 48
127 51
128 52
129 55
130 52
131 50
132 53
133 54
134 57
135 54
136 52
137 55
138 56
139 59
140 56
141 54
142 57
143 58
144 61
145 58
146 56
147 59
148 60
149 63
150 60
151 58
152 61
153 62
154 65
155 62
156 60
157 63
158 64
159 67
160 64
161 62
162 65
163 66
164 69
165 66
166 64
167 67
168 68
169 71
170 68
171 66
172 69
173 70
174 73
175 70
176 68
177 71
178 72
179 75
180 72
181 70
182 73
183 74
184 77
185 74
186 72
187 75
188 76
189 79
190 76
191 74
192 77
193 78
194 81
195 78
196 76
197 79
198 80
199 83
200 80
201 78
202 81
203 82
204 85
205 82
206 80
207 83
208 84
209 87
210 84
211 82
212 85
213 86
214 89
215 86
216 84
217 87
218 88
219 91
220 88
221 86
222 89
223 90
224 93
225 90
226 88
227 91
228 92
229 95
230 92
231 90
232 93
233 94
234 97
235 94
236 92
237 95
238 96
239 99
240 96
241 94
242 97
243 98
244 101
245 98
246 96
247 99
248 100
249 103
250 100
251 98
252 101
253 102
254 105
255 102
256 100
257 103
258 104
259 107
260 104
261 102
262 105
263 106
264 109
265 106
266 104
267 107
268 108
269 111
270 108
271 106
272 109
273 110
274 113
275 110
276 108
277 111
278 112
279 115
280 112
281 110
282 113
283 114
284 117
285 114
286 112
287 115
288 116
289 119
290 116
291 114
292 117
293 118
294 121
295 118
296 116
297 119
298 120
299 123
300 120
301 118
302 121
303 122
304 125
305 122
306 120
307 123
308 124
309 127
310 124
311 122
312 125
313 126
314 129
315 126
316 124
317 127
318 128
319 131
320 128
321 126
322 129
323 130
324 133
325 130
326 128
327 131
328 132
329 135
330 132
331 130
332 133
333 134
334 137
335 134
336 132
337 135
338 136
339 139
340 136
341 134
342 137
343 138
344 141
345 138
346 136
347 139
348 140
349 143
350 140
351 138
352 141
353 142
354 145
355 142
356 140
357 143
358 144
359 147
360 144
361 142
362 145
363 146
364 149
365 146
366 144
367 147
368 148
369 151
370 148
371 146
372 149
373 150
374 153
375 150
376 148
377 151
378 152
379 155
380 152
381 150
382 153
383 154
384 157
385 154
386 152
387 155
388 156
389 159
390 156
391 154
392 157
393 158
394 161
395 158
396 156
397 159
398 160
399 163
400 160
401 158
402 161
403 162
404 165
405 162
406 160
407 163
408 164
409 167
410 164
411 162
412 165
413 166
414 169
415 166
416 164
417 167
418 168
419 171
420 168
421 166
422 169
423 170
424 173
425 170
426 168
427 171
428 172
429 175
430 172
431 170
432 173
433 174
434 177
435 174
436 172
437 175
438 176
439 179
440 176
441 174
442 177
443 178
444 181
445 178
446 176
447 179
448 180
449 183
450 180
451 178
452 181
453 182
454 185
455 182
456 180
457 183
458 184
459 187
460 184
461 182
462 185
463 186
464 189
465 186
466 184
467 187
468 188
469 191
470 188
471 186
472 189
473 190
474 193
475 190
476 188
477 191
478 192
479 195
480 192
481 190
482 193
483 194
484 197
485 194
486 192
487 195
488 196
489 199
490 196
491 194
492 197
493 198
494 201
495 198
496 196
497 199
498 200
499 203
500 200
501 198
502 201
503 202
504 205
505 202
506 200
507 203
508 204
509 207
510 204
511 202
512 205
513 206
514 209
515 206
516 204
517 207
518 208
519 211
520 208
521 206
522 209
523 210
524 213
525 210
526 208
527 211
528 212
529 215
530 212
531 210
532 213
533 214
534 217
535 214
536 212
537 215
538 216
539 219
540 216
541 214
542 217
543 218
544 221
545 218
546 216
547 219
548 220
549 223
550 220
551 218
552 221
553 222
554 225
555 222
556 220
557 223
558 224
559 227
560 224
561 222
562 225
563 226
564 229
565 226
566 224
567 227
568 228
569 231
570 228
571 226
572 229
573 230
574 233
575 230
576 228
577 231
578 232
579 235
580 232
581 230
582 233
583 234
584 237
585 234
586 232
587 235
588 236
589 239
590 236
591 234
592 237
593 238
594 241
595 238
596 236
597 239
598 240
599 243
600 240
601 238
602 241
603 242
604 245
605 242
606 240
607 243
608 244
609 247
610 244
611 242
612 245
613 246
614 249
615 246
616 244
617 247
618 248
619 251
620 248
621 246
622 249
623 250
624 253
625 250
626 248
627 251
628 252
629 255
630 252
631 250
632 253
633 254
634 257
635 254
636 252
637 255
638 256
639 259
640 256
641 254
642 257
643 258
644 261
645 258
646 256
647 259
648 260
649 263
650 260
651 258
652 261
653 262
654 265
655 262
656 260
657 263
658 264
659 267
660 264
661 262
662 265
663 266
664 269
665 266
666 264
667 267
668 268
669 271
670 268
671 266
672 269
673 270
674 273
675 270
676 268
677 271
678 272
679 275
680 272
681 270
682 273
683 274
684 277
685 274
686 272
687 275
688 276
689 279
690 276
691 274
692 277
693 278
694 281
695 278
696 276
697 279
698 280
699 283
700 280
701 278
702 281
703 282
704 285
705 282
706 280
707 283
708 284
709 287
710 284
711 282
712 285
713 286
714 289
715 286
716 284
717 287
718 288
719 291
720 288
721 286
722 289
723 290
724 293
725 290
726 288
727 291
728 292
729 295
730 292
731 290
732 293
733 294
734 297
735 294
736 292
737 295
738 296
739 299
740 296
741 294
742 297
743 298
744 301
745 298
746 296
747 299
748 300
749 303
750 300
751 298
752 301
753 302
754 305
755 302
756 300
757 303
758 304
759 307
760 304
761 302
762 305
763 306
764 309
765 306
766 304
767 307
768 308
769 311
770 308
771 306
772 309
773 310
774 313
775 310
776 308
777 311
778 312
779 315
780 312
781 310
782 313
783 314
784 317
785 314
786 312
787 315
788 316
789 319
790 316
791 314
792 317
793 318
794 321
795 318
796 316
797 319
798 320
799 323
800 320
801 318
802 321
803 322
804 325
805 322
806 320
807 323
808 324
809 327
810 324
811 322
812 325
813 326
814 329
815 326
816 324
817 327
818 328
819 331
820 328
821 326
822 329
823 330
824 333
825 330
826 328
827 331
828 332
829 335
830 332
831 330
832 333
833 334
834 337
835 334
836 332
837 335
838 336
839 339
840 336
841 334
842 337
843 338
844 341
845 338
846 336
847 339
848 340
849 343
850 340
851 338
852 341
853 342
854 345
855 342
856 340
857 343
858 344
859 347
860 344
861 342
862 345
863 346
864 349
865 346
866 344
867 347
868 348
869 351
870 348
871 346
872 349
873 350
874 353
875 350
876 348
877 351
878 352
879 355
880 352
881 350
882 353
883 354
884 357
885 354
886 352
887 355
888 356
889 359
890 356
891 354
892 357
893 358
894 361
895 358
896 356
897 359
898 360
899 363
900 360
901 358
902 361
903 362
904 365
905 362
906 360
907 363
908 364
909 367
910 364
911 362
912 365
913 366
914 369
915 366
916 364
917 367
918 368
919 371
920 368
921 366
922 369
923 370
924 373
925 370
926 368
927 371
928 372
929 375
930 372
931 370
932 373
933 374
934 377
935 374
936 372
937 375
938 376
939 379
940 376
941 374
942 377
943 378
944 381
945 378
946 376
947 379
948 380
949 383
950 380
951 378
952 381
953 382
954 385
955 382
956 380
957 383
958 384
959 387
960 384
961 382
962 385
963 386
964 389
965 386
966 384
967 387
968 388
969 391
970 388
971 386
972 389
973 390
974 393
975 390
976 388
977 391
978 392
979 395
980 392
981 390
982 393
983 394
984 397
985 394
986 392
987 395
988 396
989 399
990 396
991 394
992 397
993 398
994 401
995 398
996 396
997 399
998 400
999 403
1000 400
1001 398
1002 401
1003 402
1004 405
1005 402
1006 400
1007 403
1008 404
1009 407
1010 404
1011 402
1012 405
1013 406
1014 409
1015 406
1016 404
1017 407
1018 408
1019 411
1020 408
1021 406
1022 409
1023 410
1024 413
1025 410
1026 408
1027 411
1028 412
1029 415
1030 412
1031 410
1032 413
1033 414
1034 417
1035 414
1036 412
1037 415
1038 416
1039 419
1040 416
1041 414
1042 417
1043 418
1044 421
1045 418
1046 416
1047 419
1048 420
1049 423
1050 420
1051 418
1052 421
1053 422
1054 425
1055 422
1056 420
1057 423
1058 424
1059 427
1060 424
1061 422
1062 425
1063 426
1064 429
1065 426
1066 424
1067 427
1068 428
1069 431
1070 428
1071 426
1072 429
1073 430
1074 433
1075 430
1076 428
1077 431
1078 432
1079 435
1080 432
1081 430
1082 433
1083 434
1084 437
1085 434
1086 432
1087 435
1088 436
1089 439
1090 436
1091 434
1092 437
1093 438
1094 441
1095 438
1096 436
1097 439
1098 440
1099 443
1100 440
1101 438
1102 441
1103 442
1104 445
1105 442
1106 440
1107 443
1108 444
1109 447
1110 444
1111 442
1112 445
1113 446
1114 449
1115 446
1116 444
1117 447
1118 448
1119 451
1120 448
1121 446
1122 449
1123 450
1124 453
1125 450
1126 448
1127 451
1128 452
1129 455
1130 452
1131 450
1132 453
1133 454
1134 457
1135 454
1136 452
1137 455
1138 456
1139 459
1140 456
1141 454
1142 457
1143 458
1144 461
1145 458
1146 456
1147 459
1148 460
1149 463
1150 460
1151 458
1152 461
1153 462
1154 465
1155 462
1156 460
1157 463
1158 464
1159 467
1160 464
1161 462
1162 465
1163 466
1164 469
1165 466
1166 464
1167 467
1168 468
1169 471
1170 468
1171 466
1172 469
1173 470
1174 473
1175 470
1176 468
1177 471
1178 472
1179 475
1180 472
1181 470
1182 473
1183 474
1184 477
1185 474
1186 472
1187 475
1188 476
1189 479
1190 476
1191 474
1192 477
1193 478
1194 481
1195 478
1196 476
1197 479
1198 480
1199 483
1200 480
1201 478
1202 481
1203 482
1204 485
1205 482
1206 480
1207 483
1208 484
1209 487
1210 484
1211 482
1212 485
1213 486
1214 489
1215 486
1216 484
1217 487
1218 488
1219 491
1220 488
1221 486
1222 489
1223 490
1224 493
1225 490
1226 488
1227 491
1228 492
1229 495
1230 492
1231 490
1232 493
1233 494
1234 497
1235 494
1236 492
1237 495
1238 496
1239 499
1240 496
1241 494
1242 497
1243 498
1244 501
1245 498
1246 496
1247 499
1248 500
1249 503
1250 500
1251 498
1252 501
1253 502
1254 505
1255 502
1256 500
1257 503
1258 504
1259 507
1260 504
1261 502
1262 505
1263 506
1264 509
1265 506
1266 504
1267 507
1268 508
1269 511
1270 508
1271 506
1272 509
1273 510
1274 513
1275 510
1276 508
1277 511
1278 512
1279 515
1280 512
1281 510
1282 513
1283 514
1284 517
1285 514
1286 512
1287 515
1288 516
1289 519
1290 516
1291 514
1292 517
1293 518
1294 521
1295 518
1296 516
1297 519
1298 520
1299 523
1300 520
1301 518
1302 521
1303 522
1304 525
1305 522
1306 520
1307 523
1308 524
1309 527
1310 524
1311 522
1312 525
1313 526
1314 529
1315 526
1316 524
1317 527
1318 528
1319 531
1320 528
1321 526
1322 529
1323 530
1324 533
1325 530
1326 528
1327 531
1328 532
1329 535
1330 532
1331 530
1332 533
1333 534
1334 537
1335 534
1336 532
1337 535
1338 536
1339 539
1340 536
1341 534
1342 537
1343 538
1344 541
1345 538
1346 536
1347 539
1348 540
1349 543
1350 540
1351 538
1352 541
1353 542
1354 545
1355 542
1356 540
1357 543
1358 544
1359 547
1360 544
1361 542
1362 545
1363 546
1364 549
1365 546
1366 544
1367 547
1368 548
1369 551
1370 548
1371 546
1372 549
1373 550
1374 553
1375 550
1376 548
1377 551
1378 552
1379 555
1380 552
1381 550
1382 553
1383 554
1384 557
1385 554
1386 552
1387 555
1388 556
1389 559
1390 556
1391 554
1392 557
1393 558
1394 561
1395 558
1396 556
1397 559
1398 560
1399 563
1400 560
1401 558
1402 561
1403 562
1404 565
1405 562
1406 560
1407 563
1408 564
1409 567
1410 564
1411 562
1412 565
1413 566
1414 569
1415 566
1416 564
1417 567
1418 568
1419 571
1420 568
1421 566
1422 569
1423 570
1424 573
1425 570
1426 568
1427 571
1428 572
1429 575
1430 572
1431 570
1432 573
1433 574
1434 577
1435 574
1436 572
1437 575
1438 576
1439 579
1440 576
1441 574
1442 577
1443 578
1444 581
1445 578
1446 576
1447 579
1448 580
1449 583
1450 580
1451 578
1452 581
1453 582
1454 585
1455 582
1456 580
1457 583
1458 584
1459 587
1460 584
1461 582
1462 585
1463 586
1464 589
1465 586
1466 584
1467 587
1468 588
1469 591
1470 588
1471 586
1472 589
1473 590
1474 593
1475 590
1476 588
1477 591
1478 592
1479 595
1480 592
1481 590
1482 593
1483 594
1484 597
1485 594
1486 592
1487 595
1488 596
1489 599
1490 596
1491 594
1492 597
1493 598
1494 601
1495 598
1496 596
1497 599
1498 600
1499 603
1500 600
1501 598
1502 601
1503 602
1504 605
1505 602
1506 600
1507 603
1508 604
1509 607
1510 604
1511 602
1512 605
1513 606
1514 609
1515 606
1516 604
1517 607
1518 608
1519 611
1520 608
1521 606
1522 609
1523 610
1524 613
1525 610
1526 608
1527 611
1528 612
1529 615
1530 612
1531 610
1532 613
1533 614
1534 617
1535 614
1536 612
1537 615
1538 616
1539 619
1540 616
1541 614
1542 617
1543 618
1544 621
1545 618
1546 616
1547 619
1548 620
1549 623
1550 620
1551 618
1552 621
1553 622
1554 625
1555 622
1556 620
1557 623
1558 624
1559 627
1560 624
1561 622
1562 625
1563 626
1564 629
1565 626
1566 624
1567 627
1568 628
1569 631
1570 628
1571 626
1572 629
1573 630
1574 633
1575 630
1576 628
1577 631
1578 632
1579 635
1580 632
1581 630
1582 633
1583 634
1584 637
1585 634
1586 632
1587 635
1588 636
1589 639
1590 636
1591 634
1592 637
1593 638
1594 641
1595 638
1596 636
1597 639
1598 640
1599 643
1600 640
1601 638
1602 641
1603 642
1604 645
1605 642
1606 640
1607 643
1608 644
1609 647
1610 644
1611 642
1612 645
1613 646
1614 649
1615 646
1616 644
1617 647
1618 648
1619 651
1620 648
1621 646
1622 649
1623 650
1624 653
1625 650
1626 648
1627 651
1628 652
1629 655
1630 652
1631 650
1632 653
1633 654
1634 657
1635 654
1636 652
1637 655
1638 656
1639 659
1640 656
1641 654
1642 657
1643 658
1644 661
1645 658
1646 656
1647 659
1648 660
1649 663
1650 660
1651 658
1652 661
1653 662
1654 665
1655 662
1656 660
1657 663
1658 664
1659 667
1660 664
1661 662
1662 665
1663 666
1664 669
1665 666
1666 664
1667 667
1668 668
1669 671
1670 668
1671 666
1672 669
1673 670
1674 673
1675 670
1676 668
1677 671
1678 672
1679 675
1680 672
1681 670
1682 673
1683 674
1684 677
1685 674
1686 672
1687 675
1688 676
1689 679
1690 676
1691 674
1692 677
1693 678
1694 681
1695 678
1696 676
1697 679
1698 680
1699 683
1700 680
1701 678
1702 681
1703 682
1704 685
1705 682
1706 680
1707 683
1708 684
1709 687
1710 684
1711 682
1712 685
1713 686
1714 689
1715 686
1716 684
1717 687
1718 688
1719 691
1720 688
1721 686
1722 689
1723 690
1724 693
1725 690
1726 688
1727 691
1728 692
1729 695
1730 692
1731 690
1732 693
1733 694
1734 697
1735 694
1736 692
1737 695
1738 696
1739 699
1740 696
1741 694
1742 697
1743 698
1744 701
1745 698
1746 696
1747 699
1748 700
1749 703
1750 700
1751 698
1752 701
1753 702
1754 705
1755 702
1756 700
1757 703
1758 704
1759 707
1760 704
1761 702
1762 705
1763 706
1764 709
1765 706
1766 704
1767 707
1768 708
1769 711
1770 708
1771 706
1772 709
1773 710
1774 713
1775 710
1776 708
1777 711
1778 712
1779 715
1780 712
1781 710
1782 713
1783 714
1784 717
1785 714
1786 712
1787 715
1788 716
1789 719
1790 716
1791 714
1792 717
1793 718
1794 721
1795 718
1796 716
1797 719
1798 720
1799 723
1800 720
1801 718
1802 721
1803 722
1804 725
1805 722
1806 720
1807 723
1808 724
1809 727
1810 724
1811 722
1812 725
1813 726
1814 729
1815 726
1816 724
1817 727
1818 728
1819 731
1820 728
1821 726
1822 729
1823 730
1824 733
1825 730
1826 728
1827 731
1828 732
1829 735
1830 732
1831 730
1832 733
1833 734
1834 737
1835 734
1836 732
1837 735
1838 736
1839 739
1840 736
1841 734
1842 737
1843 738
1844 741
1845 738
1846 736
1847 739
1848 740
1849 743
1850 740
1851 738
1852 741
1853 742
1854 745
1855 742
1856 740
1857 743
1858 744
1859 747
1860 744
1861 742
1862 745
1863 746
1864 749
1865 746
1866 744
1867 747
1868 748
1869 751
1870 748
1871 746
1872 749
1873 750
1874 753
1875 750
1876 748
1877 751
1878 752
1879 755
1880 752
1881 750
1882 753
1883 754
1884 757
1885 754
1886 752
1887 755
1888 756
1889 759
1890 756
1891 754
1892 757
1893 758
1894 761
1895 758
1896 756
1897 759
1898 760
1899 763
1900 760
1901 758
1902 761
1903 762
1904 765
1905 762
1906 760
1907 763
1908 764
1909 767
1910 764
1911 762
1912 765
1913 766
1914 769
1915 766
1916 764
1917 767
1918 768
1919 771
1920 768
1921 766
1922 769
1923 770
1924 773
1925 770
1926 768
1927 771
1928 772
1929 775
1930 772
1931 770
1932 773
1933 774
1934 777
1935 774
1936 772
1937 775
1938 776
1939 779
1940 776
1941 774
1942 777
1943 778
1944 781
1945 778
1946 776
1947 779
1948 780
1949 783
1950 780
1951 778
1952 781
1953 782
1954 785
1955 782
1956 780
1957 783
1958 784
1959 787
1960 784
1961 782
1962 785
1963 786
1964 789
1965 786
1966 784
1967 787
1968 788
1969 791
1970 788
1971 786
1972 789
1973 790
1974 793
1975 790
1976 788
1977 791
1978 792
1979 795
1980 792
1981 790
1982 793
1983 794
1984 797
1985 794
1986 792
1987 795
1988 796
1989 799
1990 796
1991 794
1992 797
1993 798
1994 801
1995 798
1996 796
1997 799
1998 800
1999 803
2000 800
2001 798
2002 801
2003 802
2004 805
2005 802
2006 800
2007 803
2008 804
2009 807
2010 804
2011 802
2012 805
2013 806
2014 809
2015 806
2016 804
2017 807
2018 808
2019 811
2020 808
2021 806
2022 809
2023 810
2024 813
2025 810
2026 808
2027 811
2028 812
2029 815
2030 812
2031 810
2032 813
2033 814
2034 817
2035 814
2036 812
2037 815
2038 816
2039 819
2040 816
2041 814
2042 817
2043 818
2044 821
2045 818
2046 816
2047 819
2048 820
2049 823
2050 820
2051 818
2052 821
2053 822
2054 825
2055 822
2056 820
2057 823
2058 824
2059 827
2060 824
2061 822
2062 825
2063 826
2064 829
2065 826
2066 824
2067 827
2068 828
2069 831
2070 828
2071 826
2072 829
2073 830
2074 833
2075 830
2076 828
2077 831
2078 832
2079 835
2080 832
2081 830
2082 833
2083 834
2084 837
2085 834
2086 832
2087 835
2088 836
2089 839
2090 836
2091 834
2092 837
2093 838
2094 841
2095 838
2096 836
2097 839
2098 840
2099 843
2100 840
2101 838
2102 841
2103 842
2104 845
2105 842
2106 840
2107 843
2108 844
2109 847
2110 844
2111 842
2112 845
2113 846
2114 849
2115 846
2116 844
2117 847
2118 848
2119 851
2120 848
2121 846
2122 849
2123 850
2124 853
2125 850
2126 848
2127 851
2128 852
2129 855
2130 852
2131 850
2132 853
2133 854
2134 857
2135 854
2136 852
2137 855
2138 856
2139 859
2140 856
2141 854
2142 857
2143 858
2144 861
2145 858
2146 856
2147 859
2148 860
2149 863
2150 860
2151 858
2152 861
2153 862
2154 865
2155 862
2156 860
2157 863
2158 864
2159 867
2160 864
2161 862
2162 865
2163 866
2164 869
2165 866
2166 864
2167 867
2168 868
2169 871
2170 868
2171 866
2172 869
2173 870
2174 873
2175 870
2176 868
2177 871
2178 872
2179 875
2180 872
2181 870
2182 873
2183 874
2184 877
2185 874
2186 872
2187 875
2188 876
2189 879
2190 876
2191 874
2192 877
2193 878
2194 881
2195 878
2196 876
2197 879
2198 880
2199 883
2200 880
2201 878
2202 881
2203 882
2204 885
2205 882
2206 880
2207 883
2208 884
2209 887
2210 884
2211 882
2212 885
2213 886
2214 889
2215 886
2216 884
2217 887
2218 888
2219 891
2220 888
2221 886
2222 889
2223 890
2224 893
2225 890
2226 888
2227 891
2228 892
2229 895
2230 892
2231 890
2232 893
2233 894
2234 897
2235 894
2236 892
2237 895
2238 896
2239 899
2240 896
2241 894
2242 897
2243 898
2244 901
2245 898
2246 896
2247 899
2248 900
2249 903
2250 900
2251 898
2252 901
2253 902
2254 905
2255 902
2256 900
2257 903
2258 904
2259 907
2260 904
2261 902
2262 905
2263 906
2264 909
2265 906
2266 904
2267 907
2268 908
2269 911
2270 908
2271 906
2272 909
2273 910
2274 913
2275 910
2276 908
2277 911
2278 912
2279 915
2280 912
2281 910
2282 913
2283 914
2284 917
2285 914
2286 912
2287 915
2288 916
2289 919
2290 916
2291 914
2292 917
2293 918
2294 921
2295 918
2296 916
2297 919
2298 920
2299 923
2300 920
2301 918
2302 921
2303 922
2304 925
2305 922
2306 920
2307 923
2308 924
2309 927
2310 924
2311 922
2312 925
2313 926
2314 929
2315 926
2316 924
2317 927
2318 928
2319 931
2320 928
2321 926
2322 929
2323 930
2324 933
2325 930
2326 928
2327 931
2328 932
2329 935
2330 932
2331 930
2332 933
2333 934
2334 937
2335 934
2336 932
2337 935
2338 936
2339 939
2340 936
2341 934
2342 937
2343 938
2344 941
2345 938
2346 936
2347 939
2348 940
2349 943
2350 940
2351 938
2352 941
2353 942
2354 945
2355 942
2356 940
2357 943
2358 944
2359 947
2360 944
2361 942
2362 945
2363 946
2364 949
2365 946
2366 944
2367 947
2368 948
2369 951
2370 948
2371 946
2372 949
2373 950
2374 953
2375 950
2376 948
2377 951
2378 952
2379 955
2380 952
2381 950
2382 953
2383 954
2384 957
2385 954
2386 952
2387 955
2388 956
2389 959
2390 956
2391 954
2392 957
2393 958
2394 961
2395 958
2396 956
2397 959
2398 960
2399 963
2400 960
2401 958
2402 961
2403 962
2404 965
2405 962
2406 960
2407 963
2408 964
2409 967
2410 964
2411 962
2412 965
2413 966
2414 969
2415 966
2416 964
2417 967
2418 968
2419 971
2420 968
2421 966
2422 969
2423 970
2424 973
2425 970
2426 968
2427 971
2428 972
2429 975
2430 972
2431 970
2432 973
2433 974
2434 977
2435 974
2436 972
2437 975
2438 976
2439 979
2440 976
2441 974
2442 977
2443 978
2444 981
2445 978
2446 976
2447 979
2448 980
2449 983
2450 980
2451 978
2452 981
2453 982
2454 985
2455 982
2456 980
2457 983
2458 984
2459 987
2460 984
2461 982
2462 985
2463 986
2464 989
2465 986
2466 984
2467 987
2468 988
2469 991
2470 988
2471 986
2472 989
2473 990
2474 993
2475 990
2476 988
2477 991
2478 992
2479 995
2480 992
2481 990
2482 993
2483 994
2484 997
2485 994
2486 992
2487 995
2488 996
2489 999
2490 996
2491 994
2492 997
2493 998
2494 1001
2495 998
2496 996
2497 999
2498 1000
2499 1003
2500 1000
2501 998
2502 1001
2503 1002
2504 1005
2505 1002
2506 1000
2507 1003
2508 1004
2509 1007
2510 1004
2511 1002
2512 1005
2513 1006
2514 1009
2515 1006
2516 1004
2517 1007
2518 1008
2519 1011
2520 1008
2521 1006
2522 1009
2523 1010
2524 1013
2525 1010
2526 1008
2527 1011
2528 1012
2529 1015
2530 1012
2531 1010
2532 1013
2533 1014
2534 1017
2535 1014
2536 1012
2537 1015
2538 1016
2539 1019
2540 1016
2541 1014
2542 1017
2543 1018
2544 1021
2545 1018
2546 1016
2547 1019
2548 1020
2549 1023
2550 1020
2551 1018
2552 1021
2553 1022
2554 1025
2555 1022
2556 1020
2557 1023
2558 1024
2559 1027
2560 1024
2561 1022
2562 1025
2563 1026
2564 1029
2565 1026
2566 1024
2567 1027
2568 1028
2569 1031
2570 1028
2571 1026
2572 1029
2573 1030
2574 1033
2575 1030
2576 1028
2577 1031
2578 1032
2579 1035
2580 1032
2581 1030
2582 1033
2583 1034
2584 1037
2585 1034
2586 1032
2587 1035
2588 1036
2589 1039
2590 1036
2591 1034
2592 1037
2593 1038
2594 1041
2595 1038
2596 1036
2597 1039
2598 1040
2599 1043
2600 1040
2601 1038
2602 1041
2603 1042
2604 1045
2605 1042
2606 1040
2607 1043
2608 1044
2609 1047
2610 1044
2611 1042
2612 1045
2613 1046
2614 1049
2615 1046
2616 1044
2617 1047
2618 1048
2619 1051
2620 1048
2621 1046
2622 1049
2623 1050
2624 1053
2625 1050
2626 1048
2627 1051
2628 1052
2629 1055
2630 1052
2631 1050
2632 1053
2633 1054
2634 1057
2635 1054
2636 1052
2637 1055
2638 1056
2639 1059
2640 1056
2641 1054
2642 1057
2643 1058
2644 1061
2645 1058
2646 1056
2647 1059
2648 1060
2649 1063
2650 1060
2651 1058
2652 1061
2653 1062
2654 1065
2655 1062
2656 1060
2657 1063
2658 1064
2659 1067
2660 1064
2661 1062
2662 1065
2663 1066
2664 1069
2665 1066
2666 1064
2667 1067
2668 1068
2669 1071
2670 1068
2671 1066
2672 1069
2673 1070
2674 1073
2675 1070
2676 1068
2677 1071
2678 1072
2679 1075
2680 1072
2681 1070
2682 1073
2683 1074
2684 1077
2685 1074
2686 1072
2687 1075
2688 1076
2689 1079
2690 1076
2691 1074
2692 1077
2693 1078
2694 1081
2695 1078
2696 1076
2697 1079
2698 1080
2699 1083
2700 1080
2701 1078
2702 1081
2703 1082
2704 1085
2705 1082
2706 1080
2707 1083
2708 1084
2709 1087
2710 1084
2711 1082
2712 1085
2713 1086
2714 1089
2715 1086
2716 1084
2717 1087
2718 1088
2719 1091
2720 1088
2721 1086
2722 1089
2723 1090
2724 1093
2725 1090
2726 1088
2727 1091
2728 1092
2729 1095
2730 1092
2731 1090
2732 1093
2733 1094
2734 1097
2735 1094
2736 1092
2737 1095
2738 1096
2739 1099
2740 1096
2741 1094
2742 1097
2743 1098
2744 1101
2745 1098
2746 1096
2747 1099
2748 1100
2749 1103
2750 1100
2751 1098
2752 1101
2753 1102
2754 1105
2755 1102
2756 1100
2757 1103
2758 1104
2759 1107
2760 1104
2761 1102
2762 1105
2763 1106
2764 1109
2765 1106
2766 1104
2767 1107
2768 1108
2769 1111
2770 1108
2771 1106
2772 1109
2773 1110
2774 1113
2775 1110
2776 1108
2777 1111
2778 1112
2779 1115
2780 1112
2781 1110
2782 1113
2783 1114
2784 1117
2785 1114
2786 1112
2787 1115
2788 1116
2789 1119
2790 1116
2791 1114
2792 1117
2793 1118
2794 1121
2795 1118
2796 1116
2797 1119
2798 1120
2799 1123
2800 1120
2801 1118
2802 1121
2803 1122
2804 1125
2805 1122
2806 1120
2807 1123
2808 1124
2809 1127
2810 1124
2811 1122
2812 1125
2813 1126
2814 1129
2815 1126
2816 1124
2817 1127
2818 1128
2819 1131
2820 1128
2821 1126
2822 1129
2823 1130
2824 1133
2825 1130
2826 1128
2827 1131
2828 1132
2829 1135
2830 1132
2831 1130
2832 1133
2833 1134
2834 1137
2835 1134
2836 1132
2837 1135
2838 1136
2839 1139
2840 1136
2841 1134
2842 1137
2843 1138
2844 1141
2845 1138
2846 1136
2847 1139
2848 1140
2849 1143
2850 1140
2851 1138
2852 1141
2853 1142
2854 1145
2855 1142
2856 1140
2857 1143
2858 1144
2859 1147
2860 1144
2861 1142
2862 1145
2863 1146
2864 1149
2865 1146
2866 1144
2867 1147
2868 1148
2869 1151
2870 1148
2871 1146
2872 1149
2873 1150
2874 1153
2875 1150
2876 1148
2877 1151
2878 1152
2879 1155
2880 1152
2881 1150
2882 1153
2883 1154
2884 1157
2885 1154
2886 1152
2887 1155
2888 1156
2889 1159
2890 1156
2891 1154
2892 1157
2893 1158
2894 1161
2895 1158
2896 1156
2897 1159
2898 1160
2899 1163
2900 1160
2901 1158
2902 1161
2903 1162
2904 1165
2905 1162
2906 1160
2907 1163
2908 1164
2909 1167
2910 1164
2911 1162
2912 1165
2913 1166
2914 1169
2915 1166
2916 1164
2917 1167
2918 1168
2919 1171
2920 1168
2921 1166
2922 1169
2923 1170
2924 1173
2925 1170
2926 1168
2927 1171
2928 1172
2929 1175
2930 1172
2931 1170
2932 1173
2933 1174
2934 1177
2935 1174
2936 1172
2937 1175
2938 1176
2939 1179
2940 1176
2941 1174
2942 1177
2943 1178
2944 1181
2945 1178
2946 1176
2947 1179
2948 1180
2949 1183
2950 1180
2951 1178
2952 1181
2953 1182
2954 1185
2955 1182
2956 1180
2957 1183
2958 1184
2959 1187
2960 1184
2961 1182
2962 1185
2963 1186
2964 1189
2965 1186
2966 1184
2967 1187
2968 1188
2969 1191
2970 1188
2971 1186
2972 1189
2973 1190
2974 1193
2975 1190
2976 1188
2977 1191
2978 1192
2979 1195
2980 1192
2981 1190
2982 1193
2983 1194
2984 1197
2985 1194
2986 1192
2987 1195
2988 1196
2989 1199
2990 1196
2991 1194
2992 1197
2993 1198
2994 1201
2995 1198
2996 1196
2997 1199
2998 1200
2999 1203
3000 1200
3001 1198
3002 1201
3003 1202
3004 1205
3005 1202
3006 1200
3007 1203
3008 1204
3009 1207
3010 1204
3011 1202
3012 1205
3013 1206
3014 1209
3015 1206
3016 1204
3017 1207
3018 1208
3019 1211
3020 1208
3021 1206
3022 1209
3023 1210
3024 1213
3025 1210
3026 1208
3027 1211
3028 1212
3029 1215
3030 1212
3031 1210
3032 1213
3033 1214
3034 1217
3035 1214
3036 1212
3037 1215
3038 1216
3039 1219
3040 1216
3041 1214
3042 1217
3043 1218
3044 1221
3045 1218
3046 1216
3047 1219
3048 1220
3049 1223
3050 1220
3051 1218
3052 1221
3053 1222
3054 1225
3055 1222
3056 1220
3057 1223
3058 1224
3059 1227
3060 1224
3061 1222
3062 1225
3063 1226
3064 1229
3065 1226
3066 1224
3067 1227
3068 1228
3069 1231
3070 1228
3071 1226
3072 1229
3073 1230
3074 1233
3075 1230
3076 1228
3077 1231
3078 1232
3079 1235
3080 1232
3081 1230
3082 1233
3083 1234
3084 1237
3085 1234
3086 1232
3087 1235
3088 1236
3089 1239
3090 1236
3091 1234
3092 1237
3093 1238
3094 1241
3095 1238
3096 1236
3097 1239
3098 1240
3099 1243
3100 1240
3101 1238
3102 1241
3103 1242
3104 1245
3105 1242
3106 1240
3107 1243
3108 1244
3109 1247
3110 1244
3111 1242
3112 1245
3113 1246
3114 1249
3115 1246
3116 1244
3117 1247
3118 1248
3119 1251
3120 1248
3121 1246
3122 1249
3123 1250
3124 1253
3125 1250
3126 1248
3127 1251
3128 1252
3129 1255
3130 1252
3131 1250
3132 1253
3133 1254
3134 1257
3135 1254
3136 1252
3137 1255
3138 1256
3139 1259
3140 1256
3141 1254
3142 1257
3143 1258
3144 1261
3145 1258
3146 1256
3147 1259
3148 1260
3149 1263
3150 1260
3151 1258
3152 1261
3153 1262
3154 1265
3155 1262
3156 1260
3157 1263
3158 1264
3159 1267
3160 1264
3161 1262
3162 1265
3163 1266
3164 1269
3165 1266
3166 1264
3167 1267
3168 1268
3169 1271
3170 1268
3171 1266
3172 1269
3173 1270
3174 1273
3175 1270
3176 1268
3177 1271
3178 1272
3179 1275
3180 1272
3181 1270
3182 1273
3183 1274
3184 1277
3185 1274
3186 1272
3187 1275
3188 1276
3189 1279
3190 1276
3191 1274
3192 1277
3193 1278
3194 1281
3195 1278
3196 1276
3197 1279
3198 1280
3199 1283
3200 1280
3201 1278
3202 1281
3203 1282
3204 1285
3205 1282
3206 1280
3207 1283
3208 1284
3209 1287
3210 1284
3211 1282
3212 1285
3213 1286
3214 1289
3215 1286
3216 1284
3217 1287
3218 1288
3219 1291
3220 1288
3221 1286
3222 1289
3223 1290
3224 1293
3225 1290
3226 1288
3227 1291
3228 1292
3229 1295
3230 1292
3231 1290
3232 1293
3233 1294
3234 1297
3235 1294
3236 1292
3237 1295
3238 1296
3239 1299
3240 1296
3241 1294
3242 1297
3243 1298
3244 1301
3245 1298
3246 1296
3247 1299
3248 1300
3249 1303
3250 1300
3251 1298
3252 1301
3253 1302
3254 1305
3255 1302
3256 1300
3257 1303
3258 1304
3259 1307
3260 1304
3261 1302
3262 1305
3263 1306
3264 1309
3265 1306
3266 1304
3267 1307
3268 1308
3269 1311
3270 1308
3271 1306
3272 1309
3273 1310
3274 1313
3275 1310
3276 1308
3277 1311
3278 1312
3279 1315
3280 1312
3281 1310
3282 1313
3283 1314
3284 1317
3285 1314
3286 1312
3287 1315
3288 1316
3289 1319
3290 1316
3291 1314
3292 1317
3293 1318
3294 1321
3295 1318
3296 1316
3297 1319
3298 1320
3299 1323
3300 1320
3301 1318
3302 1321
3303 1322
3304 1325
3305 1322
3306 1320
3307 1323
3308 1324
3309 1327
3310 1324
3311 1322
3312 1325
3313 1326
3314 1329
3315 1326
3316 1324
3317 1327
3318 1328
3319 1331
3320 1328
3321 1326
3322 1329
3323 1330
3324 1333
3325 1330
3326 1328
3327 1331
3328 1332
3329 1335
3330 1332
3331 1330
3332 1333
3333 1334
3334 1337
3335 1334
3336 1332
3337 1335
3338 1336
3339 1339
3340 1336
3341 1334
3342 1337
3343 1338
3344 1341
3345 1338
3346 1336
3347 1339
3348 1340
3349 1343
3350 1340
3351 1338
3352 1341
3353 1342
3354 1345
3355 1342
3356 1340
3357 1343
3358 1344
3359 1347
3360 1344
3361 1342
3362 1345
3363 1346
3364 1349
3365 1346
3366 1344
3367 1347
3368 1348
3369 1351
3370 1348
3371 1346
3372 1349
3373 1350
3374 1353
3375 1350
3376 1348
3377 1351
3378 1352
3379 1355
3380 1352
3381 1350
3382 1353
3383 1354
3384 1357
3385 1354
3386 1352
3387 1355
3388 1356
3389 1359
3390 1356
3391 1354
3392 1357
3393 1358
3394 1361
3395 1358
3396 1356
3397 1359
3398 1360
3399 1363
3400 1360
3401 1358
3402 1361
3403 1362
3404 1365
3405 1362
3406 1360
3407 1363
3408 1364
3409 1367
3410 1364
3411 1362
3412 1365
3413 1366
3414 1369
3415 1366
3416 1364
3417 1367
3418 1368
3419 1371
3420 1368
3421 1366
3422 1369
3423 1370
3424 1373
3425 1370
3426 1368
3427 1371
3428 1372
3429 1375
3430 1372
3431 1370
3432 1373
3433 1374
3434 1377
3435 1374
3436 1372
3437 1375
3438 1376
3439 1379
3440 1376
3441 1374
3442 1377
3443 1378
3444 1381
3445 1378
3446 1376
3447 1379
3448 1380
3449 1383
3450 1380
3451 1378
3452 1381
3453 1382
3454 1385
3455 1382
3456 1380
3457 1383
3458 1384
3459 1387
3460 1384
3461 1382
3462 1385
3463 1386
3464 1389
3465 1386
3466 1384
3467 1387
3468 1388
3469 1391
3470 1388
3471 1386
3472 1389
3473 1390
3474 1393
3475 1390
3476 1388
3477 1391
3478 1392
3479 1395
3480 1392
3481 1390
3482 1393
3483 1394
3484 1397
3485 1394
3486 1392
3487 1395
3488 1396
3489 1399
3490 1396
3491 1394
3492 1397
3493 1398
3494 1401
3495 1398
3496 1396
3497 1399
3498 1400
3499 1403
3500 1400
3501 1398
3502 1401
3503 1402
3504 1405
3505 1402
3506 1400
3507 1403
3508 1404
3509 1407
3510 1404
3511 1402
3512 1405
3513 1406
3514 1409
3515 1406
3516 1404
3517 1407
3518 1408
3519 1411
3520 1408
3521 1406
3522 1409
3523 1410
3524 1413
3525 1410
3526 1408
3527 1411
3528 1412
3529 1415
3530 1412
3531 1410
3532 1413
3533 1414
3534 1417
3535 1414
3536 1412
3537 1415
3538 1416
3539 1419
3540 1416
3541 1414
3542 1417
3543 1418
3544 1421
3545 1418
3546 1416
3547 1419
3548 1420
3549 1423
3550 1420
3551 1418
3552 1421
3553 1422
3554 1425
3555 1422
3556 1420
3557 1423
3558 1424
3559 1427
3560 1424
3561 1422
3562 1425
3563 1426
3564 1429
3565 1426
3566 1424
3567 1427
3568 1428
3569 1431
3570 1428
3571 1426
3572 1429
3573 1430
3574 1433
3575 1430
3576 1428
3577 1431
3578 1432
3579 1435
3580 1432
3581 1430
3582 1433
3583 1434
3584 1437
3585 1434
3586 1432
3587 1435
3588 1436
3589 1439
3590 1436
3591 1434
3592 1437
3593 1438
3594 1441
3595 1438
3596 1436
3597 1439
3598 1440
3599 1443
3600 1440
3601 1438
3602 1441
3603 1442
3604 1445
3605 1442
3606 1440
3607 1443
3608 1444
3609 1447
3610 1444
3611 1442
3612 1445
3613 1446
3614 1449
3615 1446
3616 1444
3617 1447
3618 1448
3619 1451
3620 1448
3621 1446
3622 1449
3623 1450
3624 1453
3625 1450
3626 1448
3627 1451
3628 1452
3629 1455
3630 1452
3631 1450
3632 1453
3633 1454
3634 1457
3635 1454
3636 1452
3637 1455
3638 1456
3639 1459
3640 1456
3641 1454
3642 1457
3643 1458
3644 1461
3645 1458
3646 1456
3647 1459
3648 1460
3649 1463
3650 1460
3651 1458
3652 1461
3653 1462
3654 1465
3655 1462
3656 1460
3657 1463
3658 1464
3659 1467
3660 1464
3661 1462
3662 1465
3663 1466
3664 1469
3665 1466
3666 1464
3667 1467
3668 1468
3669 1471
3670 1468
3671 1466
3672 1469
3673 1470
3674 1473
3675 1470
3676 1468
3677 1471
3678 1472
3679 1475
3680 1472
3681 1470
3682 1473
3683 1474
3684 1477
3685 1474
3686 1472
3687 1475
3688 1476
3689 1479
3690 1476
3691 1474
3692 1477
3693 1478
3694 1481
3695 1478
3696 1476
3697 1479
3698 1480
3699 1483
3700 1480
3701 1478
3702 1481
3703 1482
3704 1485
3705 1482
3706 1480
3707 1483
3708 1484
3709 1487
3710 1484
3711 1482
3712 1485
3713 1486
3714 1489
3715 1486
3716 1484
3717 1487
3718 1488
3719 1491
3720 1488
3721 1486
3722 1489
3723 1490
3724 1493
3725 1490
3726 1488
3727 1491
3728 1492
3729 1495
3730 1492
3731 1490
3732 1493
3733 1494
3734 1497
3735 1494
3736 1492
3737 1495
3738 1496
3739 1499
3740 1496
3741 1494
3742 1497
3743 1498
3744 1501
3745 1498
3746 1496
3747 1499
3748 1500
3749 1503
3750 1500
3751 1498
3752 1501
3753 1502
3754 1505
3755 1502
3756 1500
3757 1503
3758 1504
3759 1507
3760 1504
3761 1502
3762 1505
3763 1506
3764 1509
3765 1506
3766 1504
3767 1507
3768 1508
3769 1511
3770 1508
3771 1506
3772 1509
3773 1510
3774 1513
3775 1510
3776 1508
3777 1511
3778 1512
3779 1515
3780 1512
3781 1510
3782 1513
3783 1514
3784 1517
3785 1514
3786 1512
3787 1515
3788 1516
3789 1519
3790 1516
3791 1514
3792 1517
3793 1518
3794 1521
3795 1518
3796 1516
3797 1519
3798 1520
3799 1523
3800 1520
3801 1518
3802 1521
3803 1522
3804 1525
3805 1522
3806 1520
3807 1523
3808 1524
3809 1527
3810 1524
3811 1522
3812 1525
3813 1526
3814 1529
3815 1526
3816 1524
3817 1527
3818 1528
3819 1531
3820 1528
3821 1526
3822 1529
3823 1530
3824 1533
3825 1530
3826 1528
3827 1531
3828 1532
3829 1535
3830 1532
3831 1530
3832 1533
3833 1534
3834 1537
3835 1534
3836 1532
3837 1535
3838 1536
3839 1539
3840 1536
3841 1534
3842 1537
3843 1538
3844 1541
3845 1538
3846 1536
3847 1539
3848 1540
3849 1543
3850 1540
3851 1538
3852 1541
3853 1542
3854 1545
3855 1542
3856 1540
3857 1543
3858 1544
3859 1547
3860 1544
3861 1542
3862 1545
3863 1546
3864 1549
3865 1546
3866 1544
3867 1547
3868 1548
3869 1551
3870 1548
3871 1546
3872 1549
3873 1550
3874 1553
3875 1550
3876 1548
3877 1551
3878 1552
3879 1555
3880 1552
3881 1550
3882 1553
3883 1554
3884 1557
3885 1554
3886 1552
3887 1555
3888 1556
3889 1559
3890 1556
3891 1554
3892 1557
3893 1558
3894 1561
3895 1558
3896 1556
3897 1559
3898 1560
3899 1563
3900 1560
3901 1558
3902 1561
3903 1562
3904 1565
3905 1562
3906 1560
3907 1563
3908 1564
3909 1567
3910 1564
3911 1562
3912 1565
3913 1566
3914 1569
3915 1566
3916 1564
3917 1567
3918 1568
3919 1571
3920 1568
3921 1566
3922 1569
3923 1570
3924 1573
3925 1570
3926 1568
3927 1571
3928 1572
3929 1575
3930 1572
3931 1570
3932 1573
3933 1574
3934 1577
3935 1574
3936 1572
3937 1575
3938 1576
3939 1579
3940 1576
3941 1574
3942 1577
3943 1578
3944 1581
3945 1578
3946 1576
3947 1579
3948 1580
3949 1583
3950 1580
3951 1578
3952 1581
3953 1582
3954 1585
3955 1582
3956 1580
3957 1583
3958 1584
3959 1587
3960 1584
3961 1582
3962 1585
3963 1586
3964 1589
3965 1586
3966 1584
3967 1587
3968 1588
3969 1591
3970 1588
3971 1586
3972 1589
3973 1590
3974 1593
3975 1590
3976 1588
3977 1591
3978 1592
3979 1595
3980 1592
3981 1590
3982 1593
3983 1594
3984 1597
3985 1594
3986 1592
3987 1595
3988 1596
3989 1599
3990 1596
3991 1594
3992 1597
3993 1598
3994 1601
3995 1598
3996 1596
3997 1599
3998 1600
3999 1603
4000 1600
4001 1598
4002 1601
4003 1602
4004 1605
4005 1602
4006 1600
4007 1603
4008 1604
4009 1607
4010 1604
4011 1602
4012 1605
4013 1606
4014 1609
4015 1606
4016 1604
4017 1607
4018 1608
4019 1611
4020 1608
4021 1606
4022 1609
4023 1610
4024 1613
4025 1610
4026 1608
4027 1611
4028 1612
4029 1615
4030 1612
4031 1610
4032 1613
4033 1614
4034 1617
4035 1614
4036 1612
4037 1615
4038 1616
4039 1619
4040 1616
4041 1614
4042 1617
4043 1618
4044 1621
4045 1618
4046 1616
4047 1619
4048 1620
4049 1623
4050 1620
4051 1618
4052 1621
4053 1622
4054 1625
4055 1622
4056 1620
4057 1623
4058 1624
4059 1627
4060 1624
4061 1622
4062 1625
4063 1626
4064 1629
4065 1626
4066 1624
4067 1627
4068 1628
4069 1631
4070 1628
4071 1626
4072 1629
4073 1630
4074 1633
4075 1630
4076 1628
4077 1631
4078 1632
4079 1635
4080 1632
4081 1630
4082 1633
4083 1634
4084 1637
4085 1634
4086 1632
4087 1635
4088 1636
4089 1639
4090 1636
4091 1634
4092 1637
4093 1638
4094 1641
4095 1638
4096 1636
4097 1639
4098 1640
4099 1643
4100 1640
4101 1638
4102 1641
4103 1642
4104 1645
4105 1642
4106 1640
4107 1643
4108 1644
4109 1647
4110 1644
4111 1642
4112 1645
4113 1646
4114 1649
4115 1646
4116 1644
4117 1647
4118 1648
4119 1651
4120 1648
4121 1646
4122 1649
4123 1650
4124 1653
4125 1650
4126 1648
4127 1651
4128 1652
4129 1655
4130 1652
4131 1650
4132 1653
4133 1654
4134 1657
4135 1654
4136 1652
4137 1655
4138 1656
4139 1659
4140 1656
4141 1654
4142 1657
4143 1658
4144 1661
4145 1658
4146 1656
4147 1659
4148 1660
4149 1663
4150 1660
4151 1658
4152 1661
4153 1662
4154 1665
4155 1662
4156 1660
4157 1663
4158 1664
4159 1667
4160 1664
4161 1662
4162 1665
4163 1666
4164 1669
4165 1666
4166 1664
4167 1667
4168 1668
4169 1671
4170 1668
4171 1666
4172 1669
4173 1670
4174 1673
4175 1670
4176 1668
4177 1671
4178 1672
4179 1675
4180 1672
4181 1670
4182 1673
4183 1674
4184 1677
4185 1674
4186 1672
4187 1675
4188 1676
4189 1679
4190 1676
4191 1674
4192 1677
4193 1678
4194 1681
4195 1678
4196 1676
4197 1679
4198 1680
4199 1683
4200 1680
4201 1678
4202 1681
4203 1682
4204 1685
4205 1682
4206 1680
4207 1683
4208 1684
4209 1687
4210 1684
4211 1682
4212 1685
4213 1686
4214 1689
4215 1686
4216 1684
4217 1687
4218 1688
4219 1691
4220 1688
4221 1686
4222 1689
4223 1690
4224 1693
4225 1690
4226 1688
4227 1691
4228 1692
4229 1695
4230 1692
4231 1690
4232 1693
4233 1694
4234 1697
4235 1694
4236 1692
4237 1695
4238 1696
4239 1699
4240 1696
4241 1694
4242 1697
4243 1698
4244 1701
4245 1698
4246 1696
4247 1699
4248 1700
4249 1703
4250 1700
4251 1698
4252 1701
4253 1702
4254 1705
4255 1702
4256 1700
4257 1703
4258 1704
4259 1707
4260 1704
4261 1702
4262 1705
4263 1706
4264 1709
4265 1706
4266 1704
4267 1707
4268 1708
4269 1711
4270 1708
4271 1706
4272 1709
4273 1710
4274 1713
4275 1710
4276 1708
4277 1711
4278 1712
4279 1715
4280 1712
4281 1710
4282 1713
4283 1714
4284 1717
4285 1714
4286 1712
4287 1715
4288 1716
4289 1719
4290 1716
4291 1714
4292 1717
4293 1718
4294 1721
4295 1718
4296 1716
4297 1719
4298 1720
4299 1723
4300 1720
4301 1718
4302 1721
4303 1722
4304 1725
4305 1722
4306 1720
4307 1723
4308 1724
4309 1727
4310 1724
4311 1722
4312 1725
4313 1726
4314 1729
4315 1726
4316 1724
4317 1727
4318 1728
4319 1731
4320 1728
4321 1726
4322 1729
4323 1730
4324 1733
4325 1730
4326 1728
4327 1731
4328 1732
4329 1735
4330 1732
4331 1730
4332 1733
4333 1734
4334 1737
4335 1734
4336 1732
4337 1735
4338 1736
4339 1739
4340 1736
4341 1734
4342 1737
4343 1738
4344 1741
4345 1738
4346 1736
4347 1739
4348 1740
4349 1743
4350 1740
4351 1738
4352 1741
4353 1742
4354 1745
4355 1742
4356 1740
4357 1743
4358 1744
4359 1747
4360 1744
4361 1742
4362 1745
4363 1746
4364 1749
4365 1746
4366 1744
4367 1747
4368 1748
4369 1751
4370 1748
4371 1746
4372 1749
4373 1750
4374 1753
4375 1750
4376 1748
4377 1751
4378 1752
4379 1755
4380 1752
4381 1750
4382 1753
4383 1754
4384 1757
4385 1754
4386 1752
4387 1755
4388 1756
4389 1759
4390 1756
4391 1754
4392 1757
4393 1758
4394 1761
4395 1758
4396 1756
4397 1759
4398 1760
4399 1763
4400 1760
4401 1758
4402 1761
4403 1762
4404 1765
4405 1762
4406 1760
4407 1763
4408 1764
4409 1767
4410 1764
4411 1762
4412 1765
4413 1766
4414 1769
4415 1766
4416 1764
4417 1767
4418 1768
4419 1771
4420 1768
4421 1766
4422 1769
4423 1770
4424 1773
4425 1770
4426 1768
4427 1771
4428 1772
4429 1775
4430 1772
4431 1770
4432 1773
4433 1774
4434 1777
4435 1774
4436 1772
4437 1775
4438 1776
4439 1779
4440 1776
4441 1774
4442 1777
4443 1778
4444 1781
4445 1778
4446 1776
4447 1779
4448 1780
4449 1783
4450 1780
4451 1778
4452 1781
4453 1782
4454 1785
4455 1782
4456 1780
4457 1783
4458 1784
4459 1787
4460 1784
4461 1782
4462 1785
4463 1786
4464 1789
4465 1786
4466 1784
4467 1787
4468 1788
4469 1791
4470 1788
4471 1786
4472 1789
4473 1790
4474 1793
4475 1790
4476 1788
4477 1791
4478 1792
4479 1795
4480 1792
4481 1790
4482 1793
4483 1794
4484 1797
4485 1794
4486 1792
4487 1795
4488 1796
4489 1799
4490 1796
4491 1794
4492 1797
4493 1798
4494 1801
4495 1798
4496 1796
4497 1799
4498 1800
4499 1803
4500 1800
4501 1798
4502 1801
4503 1802
4504 1805
4505 1802
4506 1800
4507 1803
4508 1804
4509 1807
4510 1804
4511 1802
4512 1805
4513 1806
4514 1809
4515 1806
4516 1804
4517 1807
4518 1808
4519 1811
4520 1808
4521 1806
4522 1809
4523 1810
4524 1813
4525 1810
4526 1808
4527 1811
4528 1812
4529 1815
4530 1812
4531 1810
4532 1813
4533 1814
4534 1817
4535 1814
4536 1812
4537 1815
4538 1816
4539 1819
4540 1816
4541 1814
4542 1817
4543 1818
4544 1821
4545 1818
4546 1816
4547 1819
4548 1820
4549 1823
4550 1820
4551 1818
4552 1821
4553 1822
4554 1825
4555 1822
4556 1820
4557 1823
4558 1824
4559 1827
4560 1824
4561 1822
4562 1825
4563 1826
4564 1829
4565 1826
4566 1824
4567 1827
4568 1828
4569 1831
4570 1828
4571 1826
4572 1829
4573 1830
4574 1833
4575 1830
4576 1828
4577 1831
4578 1832
4579 1835
4580 1832
4581 1830
4582 1833
4583 1834
4584 1837
4585 1834
4586 1832
4587 1835
4588 1836
4589 1839
4590 1836
4591 1834
4592 1837
4593 1838
4594 1841
4595 1838
4596 1836
4597 1839
4598 1840
4599 1843
4600 1840
4601 1838
4602 1841
4603 1842
4604 1845
4605 1842
4606 1840
4607 1843
4608 1844
4609 1847
4610 1844
4611 1842
4612 1845
4613 1846
4614 1849
4615 1846
4616 1844
4617 1847
4618 1848
4619 1851
4620 1848
4621 1846
4622 1849
4623 1850
4624 1853
4625 1850
4626 1848
4627 1851
4628 1852
4629 1855
4630 1852
4631 1850
4632 1853
4633 1854
4634 1857
4635 1854
4636 1852
4637 1855
4638 1856
4639 1859
4640 1856
4641 1854
4642 1857
4643 1858
4644 1861
4645 1858
4646 1856
4647 1859
4648 1860
4649 1863
4650 1860
4651 1858
4652 1861
4653 1862
4654 1865
4655 1862
4656 1860
4657 1863
4658 1864
4659 1867
4660 1864
4661 1862
4662 1865
4663 1866
4664 1869
4665 1866
4666 1864
4667 1867
4668 1868
4669 1871
4670 1868
4671 1866
4672 1869
4673 1870
4674 1873
4675 1870
4676 1868
4677 1871
4678 1872
4679 1875
4680 1872
4681 1870
4682 1873
4683 1874
4684 1877
4685 1874
4686 1872
4687 1875
4688 1876
4689 1879
4690 1876
4691 1874
4692 1877
4693 1878
4694 1881
4695 1878
4696 1876
4697 1879
4698 1880
4699 1883
4700 1880
4701 1878
4702 1881
4703 1882
4704 1885
4705 1882
4706 1880
4707 1883
4708 1884
4709 1887
4710 1884
4711 1882
4712 1885
4713 1886
4714 1889
4715 1886
4716 1884
4717 1887
4718 1888
4719 1891
4720 1888
4721 1886
4722 1889
4723 1890
4724 1893
4725 1890
4726 1888
4727 1891
4728 1892
4729 1895
4730 1892
4731 1890
4732 1893
4733 1894
4734 1897
4735 1894
4736 1892
4737 1895
4738 1896
4739 1899
4740 1896
4741 1894
4742 1897
4743 1898
4744 1901
4745 1898
4746 1896
4747 1899
4748 1900
4749 1903
4750 1900
4751 1898
4752 1901
4753 1902
4754 1905
4755 1902
4756 1900
4757 1903
4758 1904
4759 1907
4760 1904
4761 1902
4762 1905
4763 1906
4764 1909
4765 1906
4766 1904
4767 1907
4768 1908
4769 1911
4770 1908
4771 1906
4772 1909
4773 1910
4774 1913
4775 1910
4776 1908
4777 1911
4778 1912
4779 1915
4780 1912
4781 1910
4782 1913
4783 1914
4784 1917
4785 1914
4786 1912
4787 1915
4788 1916
4789 1919
4790 1916
4791 1914
4792 1917
4793 1918
4794 1921
4795 1918
4796 1916
4797 1919
4798 1920
4799 1923
4800 1920
4801 1918
4802 1921
4803 1922
4804 1925
4805 1922
4806 1920
4807 1923
4808 1924
4809 1927
4810 1924
4811 1922
4812 1925
4813 1926
4814 1929
4815 1926
4816 1924
4817 1927
4818 1928
4819 1931
4820 1928
4821 1926
4822 1929
4823 1930
4824 1933
4825 1930
4826 1928
4827 1931
4828 1932
4829 1935
4830 1932
4831 1930
4832 1933
4833 1934
4834 1937
4835 1934
4836 1932
4837 1935
4838 1936
4839 1939
4840 1936
4841 1934
4842 1937
4843 1938
4844 1941
4845 1938
4846 1936
4847 1939
4848 1940
4849 1943
4850 1940
4851 1938
4852 1941
4853 1942
4854 1945
4855 1942
4856 1940
4857 1943
4858 1944
4859 1947
4860 1944
4861 1942
4862 1945
4863 1946
4864 1949
4865 1946
4866 1944
4867 1947
4868 1948
4869 1951
4870 1948
4871 1946
4872 1949
4873 1950
4874 1953
4875 1950
4876 1948
4877 1951
4878 1952
4879 1955
4880 1952
4881 1950
4882 1953
4883 1954
4884 1957
4885 1954
4886 1952
4887 1955
4888 1956
4889 1959
4890 1956
4891 1954
4892 1957
4893 1958
4894 1961
4895 1958
4896 1956
4897 1959
4898 1960
4899 1963
4900 1960
4901 1958
4902 1961
4903 1962
4904 1965
4905 1962
4906 1960
4907 1963
4908 1964
4909 1967
4910 1964
4911 1962
4912 1965
4913 1966
4914 1969
4915 1966
4916 1964
4917 1967
4918 1968
4919 1971
4920 1968
4921 1966
4922 1969
4923 1970
4924 1973
4925 1970
4926 1968
4927 1971
4928 1972
4929 1975
4930 1972
4931 1970
4932 1973
4933 1974
4934 1977
4935 1974
4936 1972
4937 1975
4938 1976
4939 1979
4940 1976
4941 1974
4942 1977
4943 1978
4944 1981
4945 1978
4946 1976
4947 1979
4948 1980
4949 1983
4950 1980
4951 1978
4952 1981
4953 1982
4954 1985
4955 1982
4956 1980
4957 1983
4958 1984
4959 1987
4960 1984
4961 1982
4962 1985
4963 1986
4964 1989
4965 1986
4966 1984
4967 1987
4968 1988
4969 1991
4970 1988
4971 1986
4972 1989
4973 1990
4974 1993
4975 1990
4976 1988
4977 1991
4978 1992
4979 1995
4980 1992
4981 1990
4982 1993
4983 1994
4984 1997
4985 1994
4986 1992
4987 1995
4988 1996
4989 1999
4990 1996
4991 1994
4992 1997
4993 1998
4994 2001
4995 1998
4996 1996
4997 1999
4998 2000
4999 2003
5000 2000
5001 1998
5002 2001
5003 2002
5004 2005
5005 2002
5006 2000
5007 2003
5008 2004
5009 2007
5010 2004
5011 2002
5012 2005
5013 2006
5014 2009
5015 2006
5016 2004
5017 2007
5018 2008
5019 2011
5020 2008
5021 2006
5022 2009
5023 2010
5024 2013
5025 2010
5026 2008
5027 2011
5028 2012
5029 2015
5030 2012
5031 2010
5032 2013
5033 2014
5034 2017
5035 2014
5036 2012
5037 2015
5038 2016
5039 2019
5040 2016
5041 2014
5042 2017
5043 2018
5044 2021
5045 2018
5046 2016
5047 2019
5048 2020
5049 2023
5050 2020
5051 2018
5052 2021
5053 2022
5054 2025
5055 2022
5056 2020
5057 2023
5058 2024
5059 2027
5060 2024
5061 2022
5062 2025
5063 2026
5064 2029
5065 2026
5066 2024
5067 2027
5068 2028
5069 2031
5070 2028
5071 2026
5072 2029
5073 2030
5074 2033
5075 2030
5076 2028
5077 2031
5078 2032
5079 2035
5080 2032
5081 2030
5082 2033
5083 2034
5084 2037
5085 2034
5086 2032
5087 2035
5088 2036
5089 2039
5090 2036
5091 2034
5092 2037
5093 2038
5094 2041
5095 2038
5096 2036
5097 2039
5098 2040
5099 2043
5100 2040
5101 2038
5102 2041
5103 2042
5104 2045
5105 2042
5106 2040
5107 2043
5108 2044
5109 2047
5110 2044
5111 2042
5112 2045
5113 2046
5114 2049
5115 2046
5116 2044
5117 2047
5118 2048
5119 2051
5120 2048
5121 2046
5122 2049
5123 2050
5124 2053
5125 2050
5126 2048
5127 2051
5128 2052
5129 2055
5130 2052
5131 2050
5132 2053
5133 2054
5134 2057
5135 2054
5136 2052
5137 2055
5138 2056
5139 2059
5140 2056
5141 2054
5142 2057
5143 2058
5144 2061
5145 2058
5146 2056
5147 2059
5148 2060
5149 2063
5150 2060
5151 2058
5152 2061
5153 2062
5154 2065
5155 2062
5156 2060
5157 2063
5158 2064
5159 2067
5160 2064
5161 2062
5162 2065
5163 2066
5164 2069
5165 2066
5166 2064
5167 2067
5168 2068
5169 2071
5170 2068
5171 2066
5172 2069
5173 2070
5174 2073
5175 2070
5176 2068
5177 2071
5178 2072
5179 2075
5180 2072
5181 2070
5182 2073
5183 2074
5184 2077
5185 2074
5186 2072
5187 2075
5188 2076
5189 2079
5190 2076
5191 2074
5192 2077
5193 2078
5194 2081
5195 2078
5196 2076
5197 2079
5198 2080
5199 2083
5200 2080
5201 2078
5202 2081
5203 2082
5204 2085
5205 2082
5206 2080
5207 2083
5208 2084
5209 2087
5210 2084
5211 2082
5212 2085
5213 2086
5214 2089
5215 2086
5216 2084
5217 2087
5218 2088
5219 2091
5220 2088
5221 2086
5222 2089
5223 2090
5224 2093
5225 2090
5226 2088
5227 2091
5228 2092
5229 2095
5230 2092
5231 2090
5232 2093
5233 2094
5234 2097
5235 2094
5236 2092
5237 2095
5238 2096
5239 2099
5240 2096
5241 2094
5242 2097
5243 2098
5244 2101
5245 2098
5246 2096
5247 2099
5248 2100
5249 2103
5250 2100
5251 2098
5252 2101
5253 2102
5254 2105
5255 2102
5256 2100
5257 2103
5258 2104
5259 2107
5260 2104
5261 2102
5262 2105
5263 2106
5264 2109
5265 2106
5266 2104
5267 2107
5268 2108
5269 2111
5270 2108
5271 2106
5272 2109
5273 2110
5274 2113
5275 2110
5276 2108
5277 2111
5278 2112
5279 2115
5280 2112
5281 2110
5282 2113
5283 2114
5284 2117
5285 2114
5286 2112
5287 2115
5288 2116
5289 2119
5290 2116
5291 2114
5292 2117
5293 2118
5294 2121
5295 2118
5296 2116
5297 2119
5298 2120
5299 2123
5300 2120
5301 2118
5302 2121
5303 2122
5304 2125
5305 2122
5306 2120
5307 2123
5308 2124
5309 2127
5310 2124
5311 2122
5312 2125
5313 2126
5314 2129
5315 2126
5316 2124
5317 2127
5318 2128
5319 2131
5320 2128
5321 2126
5322 2129
5323 2130
5324 2133
5325 2130
5326 2128
5327 2131
5328 2132
5329 2135
5330 2132
5331 2130
5332 2133
5333 2134
5334 2137
5335 2134
5336 2132
5337 2135
5338 2136
5339 2139
5340 2136
5341 2134
5342 2137
5343 2138
5344 2141
5345 2138
5346 2136
5347 2139
5348 2140
5349 2143
5350 2140
5351 2138
5352 2141
5353 2142
5354 2145
5355 2142
5356 2140
5357 2143
5358 2144
5359 2147
5360 2144
5361 2142
5362 2145
5363 2146
5364 2149
5365 2146
5366 2144
5367 2147
5368 2148
5369 2151
5370 2148
5371 2146
5372 2149
5373 2150
5374 2153
5375 2150
5376 2148
5377 2151
5378 2152
5379 2155
5380 2152
5381 2150
5382 2153
5383 2154
5384 2157
5385 2154
5386 2152
5387 2155
5388 2156
5389 2159
5390 2156
5391 2154
5392 2157
5393 2158
5394 2161
5395 2158
5396 2156
5397 2159
5398 2160
5399 2163
5400 2160
5401 2158
5402 2161
5403 2162
5404 2165
5405 2162
5406 2160
5407 2163
5408 2164
5409 2167
5410 2164
5411 2162
5412 2165
5413 2166
5414 2169
5415 2166
5416 2164
5417 2167
5418 2168
5419 2171
5420 2168
5421 2166
5422 2169
5423 2170
5424 2173
5425 2170
5426 2168
5427 2171
5428 2172
5429 2175
5430 2172
5431 2170
5432 2173
5433 2174
5434 2177
5435 2174
5436 2172
5437 2175
5438 2176
5439 2179
5440 2176
5441 2174
5442 2177
5443 2178
5444 2181
5445 2178
5446 2176
5447 2179
5448 2180
5449 2183
5450 2180
5451 2178
5452 2181
5453 2182
5454 2185
5455 2182
5456 2180
5457 2183
5458 2184
5459 2187
5460 2184
5461 2182
5462 2185
5463 2186
5464 2189
5465 2186
5466 2184
5467 2187
5468 2188
5469 2191
5470 2188
5471 2186
5472 2189
5473 2190
5474 2193
5475 2190
5476 2188
5477 2191
5478 2192
5479 2195
5480 2192
5481 2190
5482 2193
5483 2194
5484 2197
5485 2194
5486 2192
5487 2195
5488 2196
5489 2199
5490 2196
5491 2194
5492 2197
5493 2198
5494 2201
5495 2198
5496 2196
5497 2199
5498 2200
5499 2203
5500 2200
5501 2198
5502 2201
5503 2202
5504 2205
5505 2202
5506 2200
5507 2203
5508 2204
5509 2207
5510 2204
5511 2202
5512 2205
5513 2206
5514 2209
5515 2206
5516 2204
5517 2207
5518 2208
5519 2211
5520 2208
5521 2206
5522 2209
5523 2210
5524 2213
5525 2210
5526 2208
5527 2211
5528 2212
5529 2215
5530 2212
5531 2210
5532 2213
5533 2214
5534 2217
5535 2214
5536 2212
5537 2215
5538 2216
5539 2219
5540 2216
5541 2214
5542 2217
5543 2218
5544 2221
5545 2218
5546 2216
5547 2219
5548 2220
5549 2223
5550 2220
5551 2218
5552 2221
5553 2222
5554 2225
5555 2222
5556 2220
5557 2223
5558 2224
5559 2227
5560 2224
5561 2222
5562 2225
5563 2226
5564 2229
5565 2226
5566 2224
5567 2227
5568 2228
5569 2231
5570 2228
5571 2226
5572 2229
5573 2230
5574 2233
5575 2230
5576 2228
5577 2231
5578 2232
5579 2235
5580 2232
5581 2230
5582 2233
5583 2234
5584 2237
5585 2234
5586 2232
5587 2235
5588 2236
5589 2239
5590 2236
5591 2234
5592 2237
5593 2238
5594 2241
5595 2238
5596 2236
5597 2239
5598 2240
5599 2243
5600 2240
5601 2238
5602 2241
5603 2242
5604 2245
5605 2242
5606 2240
5607 2243
5608 2244
5609 2247
5610 2244
5611 2242
5612 2245
5613 2246
5614 2249
5615 2246
5616 2244
5617 2247
5618 2248
5619 2251
5620 2248
5621 2246
5622 2249
5623 2250
5624 2253
5625 2250
5626 2248
5627 2251
5628 2252
5629 2255
5630 2252
5631 2250
5632 2253
5633 2254
5634 2257
5635 2254
5636 2252
5637 2255
5638 2256
5639 2259
5640 2256
5641 2254
5642 2257
5643 2258
5644 2261
5645 2258
5646 2256
5647 2259
5648 2260
5649 2263
5650 2260
5651 2258
5652 2261
5653 2262
5654 2265
5655 2262
5656 2260
5657 2263
5658 2264
5659 2267
5660 2264
5661 2262
5662 2265
5663 2266
5664 2269
5665 2266
5666 2264
5667 2267
5668 2268
5669 2271
5670 2268
5671 2266
5672 2269
5673 2270
5674 2273
5675 2270
5676 2268
5677 2271
5678 2272
5679 2275
5680 2272
5681 2270
5682 2273
5683 2274
5684 2277
5685 2274
5686 2272
5687 2275
5688 2276
5689 2279
5690 2276
5691 2274
5692 2277
5693 2278
5694 2281
5695 2278
5696 2276
5697 2279
5698 2280
5699 2283
5700 2280
5701 2278
5702 2281
5703 2282
5704 2285
5705 2282
5706 2280
5707 2283
5708 2284
5709 2287
5710 2284
5711 2282
5712 2285
5713 2286
5714 2289
5715 2286
5716 2284
5717 2287
5718 2288
5719 2291
5720 2288
5721 2286
5722 2289
5723 2290
5724 2293
5725 2290
5726 2288
5727 2291
5728 2292
5729 2295
5730 2292
5731 2290
5732 2293
5733 2294
5734 2297
5735 2294
5736 2292
5737 2295
5738 2296
5739 2299
5740 2296
5741 2294
5742 2297
5743 2298
5744 2301
5745 2298
5746 2296
5747 2299
5748 2300
5749 2303
5750 2300
5751 2298
5752 2301
5753 2302
5754 2305
5755 2302
5756 2300
5757 2303
5758 2304
5759 2307
5760 2304
5761 2302
5762 2305
5763 2306
5764 2309
5765 2306
5766 2304
5767 2307
5768 2308
5769 2311
5770 2308
5771 2306
5772 2309
5773 2310
5774 2313
5775 2310
5776 2308
5777 2311
5778 2312
5779 2315
5780 2312
5781 2310
5782 2313
5783 2314
5784 2317
5785 2314
5786 2312
5787 2315
5788 2316
5789 2319
5790 2316
5791 2314
5792 2317
5793 2318
5794 2321
5795 2318
5796 2316
5797 2319
5798 2320
5799 2323
5800 2320
5801 2318
5802 2321
5803 2322
5804 2325
5805 2322
5806 2320
5807 2323
5808 2324
5809 2327
5810 2324
5811 2322
5812 2325
5813 2326
5814 2329
5815 2326
5816 2324
5817 2327
5818 2328
5819 2331
5820 2328
5821 2326
5822 2329
5823 2330
5824 2333
5825 2330
5826 2328
5827 2331
5828 2332
5829 2335
5830 2332
5831 2330
5832 2333
5833 2334
5834 2337
5835 2334
5836 2332
5837 2335
5838 2336
5839 2339
5840 2336
5841 2334
5842 2337
5843 2338
5844 2341
5845 2338
5846 2336
5847 2339
5848 2340
5849 2343
5850 2340
5851 2338
5852 2341
5853 2342
5854 2345
5855 2342
5856 2340
5857 2343
5858 2344
5859 2347
5860 2344
5861 2342
5862 2345
5863 2346
5864 2349
5865 2346
5866 2344
5867 2347
5868 2348
5869 2351
5870 2348
5871 2346
5872 2349
5873 2350
5874 2353
5875 2350
5876 2348
5877 2351
5878 2352
5879 2355
5880 2352
5881 2350
5882 2353
5883 2354
5884 2357
5885 2354
5886 2352
5887 2355
5888 2356
5889 2359
5890 2356
5891 2354
5892 2357
5893 2358
5894 2361
5895 2358
5896 2356
5897 2359
5898 2360
5899 2363
5900 2360
5901 2358
5902 2361
5903 2362
5904 2365
5905 2362
5906 2360
5907 2363
5908 2364
5909 2367
5910 2364
5911 2362
5912 2365
5913 2366
5914 2369
5915 2366
5916 2364
5917 2367
5918 2368
5919 2371
5920 2368
5921 2366
5922 2369
5923 2370
5924 2373
5925 2370
5926 2368
5927 2371
5928 2372
5929 2375
5930 2372
5931 2370
5932 2373
5933 2374
5934 2377
5935 2374
5936 2372
5937 2375
5938 2376
5939 2379
5940 2376
5941 2374
5942 2377
5943 2378
5944 2381
5945 2378
5946 2376
5947 2379
5948 2380
5949 2383
5950 2380
5951 2378
5952 2381
5953 2382
5954 2385
5955 2382
5956 2380
5957 2383
5958 2384
5959 2387
5960 2384
5961 2382
5962 2385
5963 2386
5964 2389
5965 2386
5966 2384
5967 2387
5968 2388
5969 2391
5970 2388
5971 2386
5972 2389
5973 2390
5974 2393
5975 2390
5976 2388
5977 2391
5978 2392
5979 2395
5980 2392
5981 2390
5982 2393
5983 2394
5984 2397
5985 2394
5986 2392
5987 2395
5988 2396
5989 2399
5990 2396
5991 2394
5992 2397
5993 2398
5994 2401
5995 2398
5996 2396
5997 2399
5998 2400
5999 2403
6000 2400
6001 2398
6002 2401
6003 2402
6004 2405
6005 2402
6006 2400
6007 2403
6008 2404
6009 2407
6010 2404
6011 2402
6012 2405
6013 2406
6014 2409
6015 2406
6016 2404
6017 2407
6018 2408
6019 2411
6020 2408
6021 2406
6022 2409
6023 2410
6024 2413
6025 2410
6026 2408
6027 2411
6028 2412
6029 2415
6030 2412
6031 2410
6032 2413
6033 2414
6034 2417
6035 2414
6036 2412
6037 2415
6038 2416
6039 2419
6040 2416
6041 2414
6042 2417
6043 2418
6044 2421
6045 2418
6046 2416
6047 2419
6048 2420
6049 2423
6050 2420
6051 2418
6052 2421
6053 2422
6054 2425
6055 2422
6056 2420
6057 2423
6058 2424
6059 2427
6060 2424
6061 2422
6062 2425
6063 2426
6064 2429
6065 2426
6066 2424
6067 2427
6068 2428
6069 2431
6070 2428
6071 2426
6072 2429
6073 2430
6074 2433
6075 2430
6076 2428
6077 2431
6078 2432
6079 2435
6080 2432
6081 2430
6082 2433
6083 2434
6084 2437
6085 2434
6086 2432
6087 2435
6088 2436
6089 2439
6090 2436
6091 2434
6092 2437
6093 2438
6094 2441
6095 2438
6096 2436
6097 2439
6098 2440
6099 2443
6100 2440
6101 2438
6102 2441
6103 2442
6104 2445
6105 2442
6106 2440
6107 2443
6108 2444
6109 2447
6110 2444
6111 2442
6112 2445
6113 2446
6114 2449
6115 2446
6116 2444
6117 2447
6118 2448
6119 2451
6120 2448
6121 2446
6122 2449
6123 2450
6124 2453
6125 2450
6126 2448
6127 2451
6128 2452
6129 2455
6130 2452
6131 2450
6132 2453
6133 2454
6134 2457
6135 2454
6136 2452
6137 2455
6138 2456
6139 2459
6140 2456
6141 2454
6142 2457
6143 2458
6144 2461
6145 2458
6146 2456
6147 2459
6148 2460
6149 2463
6150 2460
6151 2458
6152 2461
6153 2462
6154 2465
6155 2462
6156 2460
6157 2463
6158 2464
6159 2467
6160 2464
6161 2462
6162 2465
6163 2466
6164 2469
6165 2466
6166 2464
6167 2467
6168 2468
6169 2471
6170 2468
6171 2466
6172 2469
6173 2470
6174 2473
6175 2470
6176 2468
6177 2471
6178 2472
6179 2475
6180 2472
6181 2470
6182 2473
6183 2474
6184 2477
6185 2474
6186 2472
6187 2475
6188 2476
6189 2479
6190 2476
6191 2474
6192 2477
6193 2478
6194 2481
6195 2478
6196 2476
6197 2479
6198 2480
6199 2483
6200 2480
6201 2478
6202 2481
6203 2482
6204 2485
6205 2482
6206 2480
6207 2483
6208 2484
6209 2487
6210 2484
6211 2482
6212 2485
6213 2486
6214 2489
6215 2486
6216 2484
6217 2487
6218 2488
6219 2491
6220 2488
6221 2486
6222 2489
6223 2490
6224 2493
6225 2490
6226 2488
6227 2491
6228 2492
6229 2495
6230 2492
6231 2490
6232 2493
6233 2494
6234 2497
6235 2494
6236 2492
6237 2495
6238 2496
6239 2499
6240 2496
6241 2494
6242 2497
6243 2498
6244 2501
6245 2498
6246 2496
6247 2499
6248 2500
6249 2503
6250 2500
6251 2498
6252 2501
6253 2502
6254 2505
6255 2502
6256 2500
6257 2503
6258 2504
6259 2507
6260 2504
6261 2502
6262 2505
6263 2506
6264 2509
6265 2506
6266 2504
6267 2507
6268 2508
6269 2511
6270 2508
6271 2506
6272 2509
6273 2510
6274 2513
6275 2510
6276 2508
6277 2511
6278 2512
6279 2515
6280 2512
6281 2510
6282 2513
6283 2514
6284 2517
6285 2514
6286 2512
6287 2515
6288 2516
6289 2519
6290 2516
6291 2514
6292 2517
6293 2518
6294 2521
6295 2518
6296 2516
6297 2519
6298 2520
6299 2523
6300 2520
6301 2518
6302 2521
6303 2522
6304 2525
6305 2522
6306 2520
6307 2523
6308 2524
6309 2527
6310 2524
6311 2522
6312 2525
6313 2526
6314 2529
6315 2526
6316 2524
6317 2527
6318 2528
6319 2531
6320 2528
6321 2526
6322 2529
6323 2530
6324 2533
6325 2530
6326 2528
6327 2531
6328 2532
6329 2535
6330 2532
6331 2530
6332 2533
6333 2534
6334 2537
6335 2534
6336 2532
6337 2535
6338 2536
6339 2539
6340 2536
6341 2534
6342 2537
6343 2538
6344 2541
6345 2538
6346 2536
6347 2539
6348 2540
6349 2543
6350 2540
6351 2538
6352 2541
6353 2542
6354 2545
6355 2542
6356 2540
6357 2543
6358 2544
6359 2547
6360 2544
6361 2542
6362 2545
6363 2546
6364 2549
6365 2546
6366 2544
6367 2547
6368 2548
6369 2551
6370 2548
6371 2546
6372 2549
6373 2550
6374 2553
6375 2550
6376 2548
6377 2551
6378 2552
6379 2555
6380 2552
6381 2550
6382 2553
6383 2554
6384 2557
6385 2554
6386 2552
6387 2555
6388 2556
6389 2559
6390 2556
6391 2554
6392 2557
6393 2558
6394 2561
6395 2558
6396 2556
6397 2559
6398 2560
6399 2563
6400 2560
6401 2558
6402 2561
6403 2562
6404 2565
6405 2562
6406 2560
6407 2563
6408 2564
6409 2567
6410 2564
6411 2562
6412 2565
6413 2566
6414 2569
6415 2566
6416 2564
6417 2567
6418 2568
6419 2571
6420 2568
6421 2566
6422 2569
6423 2570
6424 2573
6425 2570
6426 2568
6427 2571
6428 2572
6429 2575
6430 2572
6431 2570
6432 2573
6433 2574
6434 2577
6435 2574
6436 2572
6437 2575
6438 2576
6439 2579
6440 2576
6441 2574
6442 2577
6443 2578
6444 2581
6445 2578
6446 2576
6447 2579
6448 2580
6449 2583
6450 2580
6451 2578
6452 2581
6453 2582
6454 2585
6455 2582
6456 2580
6457 2583
6458 2584
6459 2587
6460 2584
6461 2582
6462 2585
6463 2586
6464 2589
6465 2586
6466 2584
6467 2587
6468 2588
6469 2591
6470 2588
6471 2586
6472 2589
6473 2590
6474 2593
6475 2590
6476 2588
6477 2591
6478 2592
6479 2595
6480 2592
6481 2590
6482 2593
6483 2594
6484 2597
6485 2594
6486 2592
6487 2595
6488 2596
6489 2599
6490 2596
6491 2594
6492 2597
6493 2598
6494 2601
6495 2598
6496 2596
6497 2599
6498 2600
6499 2603
6500 2600
6501 2598
6502 2601
6503 2602
6504 2605
6505 2602
6506 2600
6507 2603
6508 2604
6509 2607
6510 2604
6511 2602
6512 2605
6513 2606
6514 2609
6515 2606
6516 2604
6517 2607
6518 2608
6519 2611
6520 2608
6521 2606
6522 2609
6523 2610
6524 2613
6525 2610
6526 2608
6527 2611
6528 2612
6529 2615
6530 2612
6531 2610
6532 2613
6533 2614
6534 2617
6535 2614
6536 2612
6537 2615
6538 2616
6539 2619
6540 2616
6541 2614
6542 2617
6543 2618
6544 2621
6545 2618
6546 2616
6547 2619
6548 2620
6549 2623
6550 2620
6551 2618
6552 2621
6553 2622
6554 2625
6555 2622
6556 2620
6557 2623
6558 2624
6559 2627
6560 2624
6561 2622
6562 2625
6563 2626
6564 2629
6565 2626
6566 2624
6567 2627
6568 2628
6569 2631
6570 2628
6571 2626
6572 2629
6573 2630
6574 2633
6575 2630
6576 2628
6577 2631
6578 2632
6579 2635
6580 2632
6581 2630
6582 2633
6583 2634
6584 2637
6585 2634
6586 2632
6587 2635
6588 2636
6589 2639
6590 2636
6591 2634
6592 2637
6593 2638
6594 2641
6595 2638
6596 2636
6597 2639
6598 2640
6599 2643
6600 2640
6601 2638
6602 2641
6603 2642
6604 2645
6605 2642
6606 2640
6607 2643
6608 2644
6609 2647
6610 2644
6611 2642
6612 2645
6613 2646
6614 2649
6615 2646
6616 2644
6617 2647
6618 2648
6619 2651
6620 2648
6621 2646
6622 2649
6623 2650
6624 2653
6625 2650
6626 2648
6627 2651
6628 2652
6629 2655
6630 2652
6631 2650
6632 2653
6633 2654
6634 2657
6635 2654
6636 2652
6637 2655
6638 2656
6639 2659
6640 2656
6641 2654
6642 2657
6643 2658
6644 2661
6645 2658
6646 2656
6647 2659
6648 2660
6649 2663
6650 2660
6651 2658
6652 2661
6653 2662
6654 2665
6655 2662
6656 2660
6657 2663
6658 2664
6659 2667
6660 2664
6661 2662
6662 2665
6663 2666
6664 2669
6665 2666
6666 2664
6667 2667
6668 2668
6669 2671
6670 2668
6671 2666
6672 2669
6673 2670
6674 2673
6675 2670
6676 2668
6677 2671
6678 2672
6679 2675
6680 2672
6681 2670
6682 2673
6683 2674
6684 2677
6685 2674
6686 2672
6687 2675
6688 2676
6689 2679
6690 2676
6691 2674
6692 2677
6693 2678
6694 2681
6695 2678
6696 2676
6697 2679
6698 2680
6699 2683
6700 2680
6701 2678
6702 2681
6703 2682
6704 2685
6705 2682
6706 2680
6707 2683
6708 2684
6709 2687
6710 2684
6711 2682
6712 2685
6713 2686
6714 2689
6715 2686
6716 2684
6717 2687
6718 2688
6719 2691
6720 2688
6721 2686
6722 2689
6723 2690
6724 2693
6725 2690
6726 2688
6727 2691
6728 2692
6729 2695
6730 2692
6731 2690
6732 2693
6733 2694
6734 2697
6735 2694
6736 2692
6737 2695
6738 2696
6739 2699
6740 2696
6741 2694
6742 2697
6743 2698
6744 2701
6745 2698
6746 2696
6747 2699
6748 2700
6749 2703
6750 2700
6751 2698
6752 2701
6753 2702
6754 2705
6755 2702
6756 2700
6757 2703
6758 2704
6759 2707
6760 2704
6761 2702
6762 2705
6763 2706
6764 2709
6765 2706
6766 2704
6767 2707
6768 2708
6769 2711
6770 2708
6771 2706
6772 2709
6773 2710
6774 2713
6775 2710
6776 2708
6777 2711
6778 2712
6779 2715
6780 2712
6781 2710
6782 2713
6783 2714
6784 2717
6785 2714
6786 2712
6787 2715
6788 2716
6789 2719
6790 2716
6791 2714
6792 2717
6793 2718
6794 2721
6795 2718
6796 2716
6797 2719
6798 2720
6799 2723
6800 2720
6801 2718
6802 2721
6803 2722
6804 2725
6805 2722
6806 2720
6807 2723
6808 2724
6809 2727
6810 2724
6811 2722
6812 2725
6813 2726
6814 2729
6815 2726
6816 2724
6817 2727
6818 2728
6819 2731
6820 2728
6821 2726
6822 2729
6823 2730
6824 2733
6825 2730
6826 2728
6827 2731
6828 2732
6829 2735
6830 2732
6831 2730
6832 2733
6833 2734
6834 2737
6835 2734
6836 2732
6837 2735
6838 2736
6839 2739
6840 2736
6841 2734
6842 2737
6843 2738
6844 2741
6845 2738
6846 2736
6847 2739
6848 2740
6849 2743
6850 2740
6851 2738
6852 2741
6853 2742
6854 2745
6855 2742
6856 2740
6857 2743
6858 2744
6859 2747
6860 2744
6861 2742
6862 2745
6863 2746
6864 2749
6865 2746
6866 2744
6867 2747
6868 2748
6869 2751
6870 2748
6871 2746
6872 2749
6873 2750
6874 2753
6875 2750
6876 2748
6877 2751
6878 2752
6879 2755
6880 2752
6881 2750
6882 2753
6883 2754
6884 2757
6885 2754
6886 2752
6887 2755
6888 2756
6889 2759
6890 2756
6891 2754
6892 2757
6893 2758
6894 2761
6895 2758
6896 2756
6897 2759
6898 2760
6899 2763
6900 2760
6901 2758
6902 2761
6903 2762
6904 2765
6905 2762
6906 2760
6907 2763
6908 2764
6909 2767
6910 2764
6911 2762
6912 2765
6913 2766
6914 2769
6915 2766
6916 2764
6917 2767
6918 2768
6919 2771
6920 2768
6921 2766
6922 2769
6923 2770
6924 2773
6925 2770
6926 2768
6927 2771
6928 2772
6929 2775
6930 2772
6931 2770
6932 2773
6933 2774
6934 2777
6935 2774
6936 2772
6937 2775
6938 2776
6939 2779
6940 2776
6941 2774
6942 2777
6943 2778
6944 2781
6945 2778
6946 2776
6947 2779
6948 2780
6949 2783
6950 2780
6951 2778
6952 2781
6953 2782
6954 2785
6955 2782
6956 2780
6957 2783
6958 2784
6959 2787
6960 2784
6961 2782
6962 2785
6963 2786
6964 2789
6965 2786
6966 2784
6967 2787
6968 2788
6969 2791
6970 2788
6971 2786
6972 2789
6973 2790
6974 2793
6975 2790
6976 2788
6977 2791
6978 2792
6979 2795
6980 2792
6981 2790
6982 2793
6983 2794
6984 2797
6985 2794
6986 2792
6987 2795
6988 2796
6989 2799
6990 2796
6991 2794
6992 2797
6993 2798
6994 2801
6995 2798
6996 2796
6997 2799
6998 2800
6999 2803
7000 2800
7001 2798
7002 2801
7003 2802
7004 2805
7005 2802
7006 2800
7007 2803
7008 2804
7009 2807
7010 2804
7011 2802
7012 2805
7013 2806
7014 2809
7015 2806
7016 2804
7017 2807
7018 2808
7019 2811
7020 2808
7021 2806
7022 2809
7023 2810
7024 2813
7025 2810
7026 2808
7027 2811
7028 2812
7029 2815
7030 2812
7031 2810
7032 2813
7033 2814
7034 2817
7035 2814
7036 2812
7037 2815
7038 2816
7039 2819
7040 2816
7041 2814
7042 2817
7043 2818
7044 2821
7045 2818
7046 2816
7047 2819
7048 2820
7049 2823
7050 2820
7051 2818
7052 2821
7053 2822
7054 2825
7055 2822
7056 2820
7057 2823
7058 2824
7059 2827
7060 2824
7061 2822
7062 2825
7063 2826
7064 2829
7065 2826
7066 2824
7067 2827
7068 2828
7069 2831
7070 2828
7071 2826
7072 2829
7073 2830
7074 2833
7075 2830
7076 2828
7077 2831
7078 2832
7079 2835
7080 2832
7081 2830
7082 2833
7083 2834
7084 2837
7085 2834
7086 2832
7087 2835
7088 2836
7089 2839
7090 2836
7091 2834
7092 2837
7093 2838
7094 2841
7095 2838
7096 2836
7097 2839
7098 2840
7099 2843
7100 2840
7101 2838
7102 2841
7103 2842
7104 2845
7105 2842
7106 2840
7107 2843
7108 2844
7109 2847
7110 2844
7111 2842
7112 2845
7113 2846
7114 2849
7115 2846
7116 2844
7117 2847
7118 2848
7119 2851
7120 2848
7121 2846
7122 2849
7123 2850
7124 2853
7125 2850
7126 2848
7127 2851
7128 2852
7129 2855
7130 2852
7131 2850
7132 2853
7133 2854
7134 2857
7135 2854
7136 2852
7137 2855
7138 2856
7139 2859
7140 2856
7141 2854
7142 2857
7143 2858
7144 2861
7145 2858
7146 2856
7147 2859
7148 2860
7149 2863
7150 2860
7151 2858
7152 2861
7153 2862
7154 2865
7155 2862
7156 2860
7157 2863
7158 2864
7159 2867
7160 2864
7161 2862
7162 2865
7163 2866
7164 2869
7165 2866
7166 2864
7167 2867
7168 2868
7169 2871
7170 2868
7171 2866
7172 2869
7173 2870
7174 2873
7175 2870
7176 2868
7177 2871
7178 2872
7179 2875
7180 2872
7181 2870
7182 2873
7183 2874
7184 2877
7185 2874
7186 2872
7187 2875
7188 2876
7189 2879
7190 2876
7191 2874
7192 2877
7193 2878
7194 2881
7195 2878
7196 2876
7197 2879
7198 2880
7199 2883
7200 2880
7201 2878
7202 2881
7203 2882
7204 2885
7205 2882
7206 2880
7207 2883
7208 2884
7209 2887
7210 2884
7211 2882
7212 2885
7213 2886
7214 2889
7215 2886
7216 2884
7217 2887
7218 2888
7219 2891
7220 2888
7221 2886
7222 2889
7223 2890
7224 2893
7225 2890
7226 2888
7227 2891
7228 2892
7229 2895
7230 2892
7231 2890
7232 2893
7233 2894
7234 2897
7235 2894
7236 2892
7237 2895
7238 2896
7239 2899
7240 2896
7241 2894
7242 2897
7243 2898
7244 2901
7245 2898
7246 2896
7247 2899
7248 2900
7249 2903
7250 2900
7251 2898
7252 2901
7253 2902
7254 2905
7255 2902
7256 2900
7257 2903
7258 2904
7259 2907
7260 2904
7261 2902
7262 2905
7263 2906
7264 2909
7265 2906
7266 2904
7267 2907
7268 2908
7269 2911
7270 2908
7271 2906
7272 2909
7273 2910
7274 2913
7275 2910
7276 2908
7277 2911
7278 2912
7279 2915
7280 2912
7281 2910
7282 2913
7283 2914
7284 2917
7285 2914
7286 2912
7287 2915
7288 2916
7289 2919
7290 2916
7291 2914
7292 2917
7293 2918
7294 2921
7295 2918
7296 2916
7297 2919
7298 2920
7299 2923
7300 2920
7301 2918
7302 2921
7303 2922
7304 2925
7305 2922
7306 2920
7307 2923
7308 2924
7309 2927
7310 2924
7311 2922
7312 2925
7313 2926
7314 2929
7315 2926
7316 2924
7317 2927
7318 2928
7319 2931
7320 2928
7321 2926
7322 2929
7323 2930
7324 2933
7325 2930
7326 2928
7327 2931
7328 2932
7329 2935
7330 2932
7331 2930
7332 2933
7333 2934
7334 2937
7335 2934
7336 2932
7337 2935
7338 2936
7339 2939
7340 2936
7341 2934
7342 2937
7343 2938
7344 2941
7345 2938
7346 2936
7347 2939
7348 2940
7349 2943
7350 2940
7351 2938
7352 2941
7353 2942
7354 2945
7355 2942
7356 2940
7357 2943
7358 2944
7359 2947
7360 2944
7361 2942
7362 2945
7363 2946
7364 2949
7365 2946
7366 2944
7367 2947
7368 2948
7369 2951
7370 2948
7371 2946
7372 2949
7373 2950
7374 2953
7375 2950
7376 2948
7377 2951
7378 2952
7379 2955
7380 2952
7381 2950
7382 2953
7383 2954
7384 2957
7385 2954
7386 2952
7387 2955
7388 2956
7389 2959
7390 2956
7391 2954
7392 2957
7393 2958
7394 2961
7395 2958
7396 2956
7397 2959
7398 2960
7399 2963
7400 2960
7401 2958
7402 2961
7403 2962
7404 2965
7405 2962
7406 2960
7407 2963
7408 2964
7409 2967
7410 2964
7411 2962
7412 2965
7413 2966
7414 2969
7415 2966
7416 2964
7417 2967
7418 2968
7419 2971
7420 2968
7421 2966
7422 2969
7423 2970
7424 2973
7425 2970
7426 2968
7427 2971
7428 2972
7429 2975
7430 2972
7431 2970
7432 2973
7433 2974
7434 2977
7435 2974
7436 2972
7437 2975
7438 2976
7439 2979
7440 2976
7441 2974
7442 2977
7443 2978
7444 2981
7445 2978
7446 2976
7447 2979
7448 2980
7449 2983
7450 2980
7451 2978
7452 2981
7453 2982
7454 2985
7455 2982
7456 2980
7457 2983
7458 2984
7459 2987
7460 2984
7461 2982
7462 2985
7463 2986
7464 2989
7465 2986
7466 2984
7467 2987
7468 2988
7469 2991
7470 2988
7471 2986
7472 2989
7473 2990
7474 2993
7475 2990
7476 2988
7477 2991
7478 2992
7479 2995
7480 2992
7481 2990
7482 2993
7483 2994
7484 2997
7485 2994
7486 2992
7487 2995
7488 2996
7489 2999
7490 2996
7491 2994
7492 2997
7493 2998
7494 3001
7495 2998
7496 2996
7497 2999
7498 3000
7499 3003
7500 3000
7501 2998
7502 3001
7503 3002
7504 3005
7505 3002
7506 3000
7507 3003
7508 3004
7509 3007
7510 3004
7511 3002
7512 3005
7513 3006
7514 3009
7515 3006
7516 3004
7517 3007
7518 3008
7519 3011
7520 3008
7521 3006
7522 3009
7523 3010
7524 3013
7525 3010
7526 3008
7527 3011
7528 3012
7529 3015
7530 3012
7531 3010
7532 3013
7533 3014
7534 3017
7535 3014
7536 3012
7537 3015
7538 3016
7539 3019
7540 3016
7541 3014
7542 3017
7543 3018
7544 3021
7545 3018
7546 3016
7547 3019
7548 3020
7549 3023
7550 3020
7551 3018
7552 3021
7553 3022
7554 3025
7555 3022
7556 3020
7557 3023
7558 3024
7559 3027
7560 3024
7561 3022
7562 3025
7563 3026
7564 3029
7565 3026
7566 3024
7567 3027
7568 3028
7569 3031
7570 3028
7571 3026
7572 3029
7573 3030
7574 3033
7575 3030
7576 3028
7577 3031
7578 3032
7579 3035
7580 3032
7581 3030
7582 3033
7583 3034
7584 3037
7585 3034
7586 3032
7587 3035
7588 3036
7589 3039
7590 3036
7591 3034
7592 3037
7593 3038
7594 3041
7595 3038
7596 3036
7597 3039
7598 3040
7599 3043
7600 3040
7601 3038
7602 3041
7603 3042
7604 3045
7605 3042
7606 3040
7607 3043
7608 3044
7609 3047
7610 3044
7611 3042
7612 3045
7613 3046
7614 3049
7615 3046
7616 3044
7617 3047
7618 3048
7619 3051
7620 3048
7621 3046
7622 3049
7623 3050
7624 3053
7625 3050
7626 3048
7627 3051
7628 3052
7629 3055
7630 3052
7631 3050
7632 3053
7633 3054
7634 3057
7635 3054
7636 3052
7637 3055
7638 3056
7639 3059
7640 3056
7641 3054
7642 3057
7643 3058
7644 3061
7645 3058
7646 3056
7647 3059
7648 3060
7649 3063
7650 3060
7651 3058
7652 3061
7653 3062
7654 3065
7655 3062
7656 3060
7657 3063
7658 3064
7659 3067
7660 3064
7661 3062
7662 3065
7663 3066
7664 3069
7665 3066
7666 3064
7667 3067
7668 3068
7669 3071
7670 3068
7671 3066
7672 3069
7673 3070
7674 3073
7675 3070
7676 3068
7677 3071
7678 3072
7679 3075
7680 3072
7681 3070
7682 3073
7683 3074
7684 3077
7685 3074
7686 3072
7687 3075
7688 3076
7689 3079
7690 3076
7691 3074
7692 3077
7693 3078
7694 3081
7695 3078
7696 3076
7697 3079
7698 3080
7699 3083
7700 3080
7701 3078
7702 3081
7703 3082
7704 3085
7705 3082
7706 3080
7707 3083
7708 3084
7709 3087
7710 3084
7711 3082
7712 3085
7713 3086
7714 3089
7715 3086
7716 3084
7717 3087
7718 3088
7719 3091
7720 3088
7721 3086
7722 3089
7723 3090
7724 3093
7725 3090
7726 3088
7727 3091
7728 3092
7729 3095
7730 3092
7731 3090
7732 3093
7733 3094
7734 3097
7735 3094
7736 3092
7737 3095
7738 3096
7739 3099
7740 3096
7741 3094
7742 3097
7743 3098
7744 3101
7745 3098
7746 3096
7747 3099
7748 3100
7749 3103
7750 3100
7751 3098
7752 3101
7753 3102
7754 3105
7755 3102
7756 3100
7757 3103
7758 3104
7759 3107
7760 3104
7761 3102
7762 3105
7763 3106
7764 3109
7765 3106
7766 3104
7767 3107
7768 3108
7769 3111
7770 3108
7771 3106
7772 3109
7773 3110
7774 3113
7775 3110
7776 3108
7777 3111
7778 3112
7779 3115
7780 3112
7781 3110
7782 3113
7783 3114
7784 3117
7785 3114
7786 3112
7787 3115
7788 3116
7789 3119
7790 3116
7791 3114
7792 3117
7793 3118
7794 3121
7795 3118
7796 3116
7797 3119
7798 3120
7799 3123
7800 3120
7801 3118
7802 3121
7803 3122
7804 3125
7805 3122
7806 3120
7807 3123
7808 3124
7809 3127
7810 3124
7811 3122
7812 3125
7813 3126
7814 3129
7815 3126
7816 3124
7817 3127
7818 3128
7819 3131
7820 3128
7821 3126
7822 3129
7823 3130
7824 3133
7825 3130
7826 3128
7827 3131
7828 3132
7829 3135
7830 3132
7831 3130
7832 3133
7833 3134
7834 3137
7835 3134
7836 3132
7837 3135
7838 3136
7839 3139
7840 3136
7841 3134
7842 3137
7843 3138
7844 3141
7845 3138
7846 3136
7847 3139
7848 3140
7849 3143
7850 3140
7851 3138
7852 3141
7853 3142
7854 3145
7855 3142
7856 3140
7857 3143
7858 3144
7859 3147
7860 3144
7861 3142
7862 3145
7863 3146
7864 3149
7865 3146
7866 3144
7867 3147
7868 3148
7869 3151
7870 3148
7871 3146
7872 3149
7873 3150
7874 3153
7875 3150
7876 3148
7877 3151
7878 3152
7879 3155
7880 3152
7881 3150
7882 3153
7883 3154
7884 3157
7885 3154
7886 3152
7887 3155
7888 3156
7889 3159
7890 3156
7891 3154
7892 3157
7893 3158
7894 3161
7895 3158
7896 3156
7897 3159
7898 3160
7899 3163
7900 3160
7901 3158
7902 3161
7903 3162
7904 3165
7905 3162
7906 3160
7907 3163
7908 3164
7909 3167
7910 3164
7911 3162
7912 3165
7913 3166
7914 3169
7915 3166
7916 3164
7917 3167
7918 3168
7919 3171
7920 3168
7921 3166
7922 3169
7923 3170
7924 3173
7925 3170
7926 3168
7927 3171
7928 3172
7929 3175
7930 3172
7931 3170
7932 3173
7933 3174
7934 3177
7935 3174
7936 3172
7937 3175
7938 3176
7939 3179
7940 3176
7941 3174
7942 3177
7943 3178
7944 3181
7945 3178
7946 3176
7947 3179
7948 3180
7949 3183
7950 3180
7951 3178
7952 3181
7953 3182
7954 3185
7955 3182
7956 3180
7957 3183
7958 3184
7959 3187
7960 3184
7961 3182
7962 3185
7963 3186
7964 3189
7965 3186
7966 3184
7967 3187
7968 3188
7969 3191
7970 3188
7971 3186
7972 3189
7973 3190
7974 3193
7975 3190
7976 3188
7977 3191
7978 3192
7979 3195
7980 3192
7981 3190
7982 3193
7983 3194
7984 3197
7985 3194
7986 3192
7987 3195
7988 3196
7989 3199
7990 3196
7991 3194
7992 3197
7993 3198
7994 3201
7995 3198
7996 3196
7997 3199
7998 3200
7999 3203
8000 3200
8001 3198
8002 3201
8003 3202
8004 3205
8005 3202
8006 3200
8007 3203
8008 3204
8009 3207
8010 3204
8011 3202
8012 3205
8013 3206
8014 3209
8015 3206
8016 3204
8017 3207
8018 3208
8019 3211
8020 3208
8021 3206
8022 3209
8023 3210
8024 3213
8025 3210
8026 3208
8027 3211
8028 3212
8029 3215
8030 3212
8031 3210
8032 3213
8033 3214
8034 3217
8035 3214
8036 3212
8037 3215
8038 3216
8039 3219
8040 3216
8041 3214
8042 3217
8043 3218
8044 3221
8045 3218
8046 3216
8047 3219
8048 3220
8049 3223
8050 3220
8051 3218
8052 3221
8053 3222
8054 3225
8055 3222
8056 3220
8057 3223
8058 3224
8059 3227
8060 3224
8061 3222
8062 3225
8063 3226
8064 3229
8065 3226
8066 3224
8067 3227
8068 3228
8069 3231
8070 3228
8071 3226
8072 3229
8073 3230
8074 3233
8075 3230
8076 3228
8077 3231
8078 3232
8079 3235
8080 3232
8081 3230
8082 3233
8083 3234
8084 3237
8085 3234
8086 3232
8087 3235
8088 3236
8089 3239
8090 3236
8091 3234
8092 3237
8093 3238
8094 3241
8095 3238
8096 3236
8097 3239
8098 3240
8099 3243
8100 3240
8101 3238
8102 3241
8103 3242
8104 3245
8105 3242
8106 3240
8107 3243
8108 3244
8109 3247
8110 3244
8111 3242
8112 3245
8113 3246
8114 3249
8115 3246
8116 3244
8117 3247
8118 3248
8119 3251
8120 3248
8121 3246
8122 3249
8123 3250
8124 3253
8125 3250
8126 3248
8127 3251
8128 3252
8129 3255
8130 3252
8131 3250
8132 3253
8133 3254
8134 3257
8135 3254
8136 3252
8137 3255
8138 3256
8139 3259
8140 3256
8141 3254
8142 3257
8143 3258
8144 3261
8145 3258
8146 3256
8147 3259
8148 3260
8149 3263
8150 3260
8151 3258
8152 3261
8153 3262
8154 3265
8155 3262
8156 3260
8157 3263
8158 3264
8159 3267
8160 3264
8161 3262
8162 3265
8163 3266
8164 3269
8165 3266
8166 3264
8167 3267
8168 3268
8169 3271
8170 3268
8171 3266
8172 3269
8173 3270
8174 3273
8175 3270
8176 3268
8177 3271
8178 3272
8179 3275
8180 3272
8181 3270
8182 3273
8183 3274
8184 3277
8185 3274
8186 3272
8187 3275
8188 3276
8189 3279
8190 3276
8191 3274
8192 3277
8193 3278
8194 3281
8195 3278
8196 3276
8197 3279
8198 3280
8199 3283
8200 3280
8201 3278
8202 3281
8203 3282
8204 3285
8205 3282
8206 3280
8207 3283
8208 3284
8209 3287
8210 3284
8211 3282
8212 3285
8213 3286
8214 3289
8215 3286
8216 3284
8217 3287
8218 3288
8219 3291
8220 3288
8221 3286
8222 3289
8223 3290
8224 3293
8225 3290
8226 3288
8227 3291
8228 3292
8229 3295
8230 3292
8231 3290
8232 3293
8233 3294
8234 3297
8235 3294
8236 3292
8237 3295
8238 3296
8239 3299
8240 3296
8241 3294
8242 3297
8243 3298
8244 3301
8245 3298
8246 3296
8247 3299
8248 3300
8249 3303
8250 3300
8251 3298
8252 3301
8253 3302
8254 3305
8255 3302
8256 3300
8257 3303
8258 3304
8259 3307
8260 3304
8261 3302
8262 3305
8263 3306
8264 3309
8265 3306
8266 3304
8267 3307
8268 3308
8269 3311
8270 3308
8271 3306
8272 3309
8273 3310
8274 3313
8275 3310
8276 3308
8277 3311
8278 3312
8279 3315
8280 3312
8281 3310
8282 3313
8283 3314
8284 3317
8285 3314
8286 3312
8287 3315
8288 3316
8289 3319
8290 3316
8291 3314
8292 3317
8293 3318
8294 3321
8295 3318
8296 3316
8297 3319
8298 3320
8299 3323
8300 3320
8301 3318
8302 3321
8303 3322
8304 3325
8305 3322
8306 3320
8307 3323
8308 3324
8309 3327
8310 3324
8311 3322
8312 3325
8313 3326
8314 3329
8315 3326
8316 3324
8317 3327
8318 3328
8319 3331
8320 3328
8321 3326
8322 3329
8323 3330
8324 3333
8325 3330
8326 3328
8327 3331
8328 3332
8329 3335
8330 3332
8331 3330
8332 3333
8333 3334
8334 3337
8335 3334
8336 3332
8337 3335
8338 3336
8339 3339
8340 3336
8341 3334
8342 3337
8343 3338
8344 3341
8345 3338
8346 3336
8347 3339
8348 3340
8349 3343
8350 3340
8351 3338
8352 3341
8353 3342
8354 3345
8355 3342
8356 3340
8357 3343
8358 3344
8359 3347
8360 3344
8361 3342
8362 3345
8363 3346
8364 3349
8365 3346
8366 3344
8367 3347
8368 3348
8369 3351
8370 3348
8371 3346
8372 3349
8373 3350
8374 3353
8375 3350
8376 3348
8377 3351
8378 3352
8379 3355
8380 3352
8381 3350
8382 3353
8383 3354
8384 3357
8385 3354
8386 3352
8387 3355
8388 3356
8389 3359
8390 3356
8391 3354
8392 3357
8393 3358
8394 3361
8395 3358
8396 3356
8397 3359
8398 3360
8399 3363
8400 3360
8401 3358
8402 3361
8403 3362
8404 3365
8405 3362
8406 3360
8407 3363
8408 3364
8409 3367
8410 3364
8411 3362
8412 3365
8413 3366
8414 3369
8415 3366
8416 3364
8417 3367
8418 3368
8419 3371
8420 3368
8421 3366
8422 3369
8423 3370
8424 3373
8425 3370
8426 3368
8427 3371
8428 3372
8429 3375
8430 3372
8431 3370
8432 3373
8433 3374
8434 3377
8435 3374
8436 3372
8437 3375
8438 3376
8439 3379
8440 3376
8441 3374
8442 3377
8443 3378
8444 3381
8445 3378
8446 3376
8447 3379
8448 3380
8449 3383
8450 3380
8451 3378
8452 3381
8453 3382
8454 3385
8455 3382
8456 3380
8457 3383
8458 3384
8459 3387
8460 3384
8461 3382
8462 3385
8463 3386
8464 3389
8465 3386
8466 3384
8467 3387
8468 3388
8469 3391
8470 3388
8471 3386
8472 3389
8473 3390
8474 3393
8475 3390
8476 3388
8477 3391
8478 3392
8479 3395
8480 3392
8481 3390
8482 3393
8483 3394
8484 3397
8485 3394
8486 3392
8487 3395
8488 3396
8489 3399
8490 3396
8491 3394
8492 3397
8493 3398
8494 3401
8495 3398
8496 3396
8497 3399
8498 3400
8499 3403
8500 3400
8501 3398
8502 3401
8503 3402
8504 3405
8505 3402
8506 3400
8507 3403
8508 3404
8509 3407
8510 3404
8511 3402
8512 3405
8513 3406
8514 3409
8515 3406
8516 3404
8517 3407
8518 3408
8519 3411
8520 3408
8521 3406
8522 3409
8523 3410
8524 3413
8525 3410
8526 3408
8527 3411
8528 3412
8529 3415
8530 3412
8531 3410
8532 3413
8533 3414
8534 3417
8535 3414
8536 3412
8537 3415
8538 3416
8539 3419
8540 3416
8541 3414
8542 3417
8543 3418
8544 3421
8545 3418
8546 3416
8547 3419
8548 3420
8549 3423
8550 3420
8551 3418
8552 3421
8553 3422
8554 3425
8555 3422
8556 3420
8557 3423
8558 3424
8559 3427
8560 3424
8561 3422
8562 3425
8563 3426
8564 3429
8565 3426
8566 3424
8567 3427
8568 3428
8569 3431
8570 3428
8571 3426
8572 3429
8573 3430
8574 3433
8575 3430
8576 3428
8577 3431
8578 3432
8579 3435
8580 3432
8581 3430
8582 3433
8583 3434
8584 3437
8585 3434
8586 3432
8587 3435
8588 3436
8589 3439
8590 3436
8591 3434
8592 3437
8593 3438
8594 3441
8595 3438
8596 3436
8597 3439
8598 3440
8599 3443
8600 3440
8601 3438
8602 3441
8603 3442
8604 3445
8605 3442
8606 3440
8607 3443
8608 3444
8609 3447
8610 3444
8611 3442
8612 3445
8613 3446
8614 3449
8615 3446
8616 3444
8617 3447
8618 3448
8619 3451
8620 3448
8621 3446
8622 3449
8623 3450
8624 3453
8625 3450
8626 3448
8627 3451
8628 3452
8629 3455
8630 3452
8631 3450
8632 3453
8633 3454
8634 3457
8635 3454
8636 3452
8637 3455
8638 3456
8639 3459
8640 3456
8641 3454
8642 3457
8643 3458
8644 3461
8645 3458
8646 3456
8647 3459
8648 3460
8649 3463
8650 3460
8651 3458
8652 3461
8653 3462
8654 3465
8655 3462
8656 3460
8657 3463
8658 3464
8659 3467
8660 3464
8661 3462
8662 3465
8663 3466
8664 3469
8665 3466
8666 3464
8667 3467
8668 3468
8669 3471
8670 3468
8671 3466
8672 3469
8673 3470
8674 3473
8675 3470
8676 3468
8677 3471
8678 3472
8679 3475
8680 3472
8681 3470
8682 3473
8683 3474
8684 3477
8685 3474
8686 3472
8687 3475
8688 3476
8689 3479
8690 3476
8691 3474
8692 3477
8693 3478
8694 3481
8695 3478
8696 3476
8697 3479
8698 3480
8699 3483
8700 3480
8701 3478
8702 3481
8703 3482
8704 3485
8705 3482
8706 3480
8707 3483
8708 3484
8709 3487
8710 3484
8711 3482
8712 3485
8713 3486
8714 3489
8715 3486
8716 3484
8717 3487
8718 3488
8719 3491
8720 3488
8721 3486
8722 3489
8723 3490
8724 3493
8725 3490
8726 3488
8727 3491
8728 3492
8729 3495
8730 3492
8731 3490
8732 3493
8733 3494
8734 3497
8735 3494
8736 3492
8737 3495
8738 3496
8739 3499
8740 3496
8741 3494
8742 3497
8743 3498
8744 3501
8745 3498
8746 3496
8747 3499
8748 3500
8749 3503
8750 3500
8751 3498
8752 3501
8753 3502
8754 3505
8755 3502
8756 3500
8757 3503
8758 3504
8759 3507
8760 3504
8761 3502
8762 3505
8763 3506
8764 3509
8765 3506
8766 3504
8767 3507
8768 3508
8769 3511
8770 3508
8771 3506
8772 3509
8773 3510
8774 3513
8775 3510
8776 3508
8777 3511
8778 3512
8779 3515
8780 3512
8781 3510
8782 3513
8783 3514
8784 3517
8785 3514
8786 3512
8787 3515
8788 3516
8789 3519
8790 3516
8791 3514
8792 3517
8793 3518
8794 3521
8795 3518
8796 3516
8797 3519
8798 3520
8799 3523
8800 3520
8801 3518
8802 3521
8803 3522
8804 3525
8805 3522
8806 3520
8807 3523
8808 3524
8809 3527
8810 3524
8811 3522
8812 3525
8813 3526
8814 3529
8815 3526
8816 3524
8817 3527
8818 3528
8819 3531
8820 3528
8821 3526
8822 3529
8823 3530
8824 3533
8825 3530
8826 3528
8827 3531
8828 3532
8829 3535
8830 3532
8831 3530
8832 3533
8833 3534
8834 3537
8835 3534
8836 3532
8837 3535
8838 3536
8839 3539
8840 3536
8841 3534
8842 3537
8843 3538
8844 3541
8845 3538
8846 3536
8847 3539
8848 3540
8849 3543
8850 3540
8851 3538
8852 3541
8853 3542
8854 3545
8855 3542
8856 3540
8857 3543
8858 3544
8859 3547
8860 3544
8861 3542
8862 3545
8863 3546
8864 3549
8865 3546
8866 3544
8867 3547
8868 3548
8869 3551
8870 3548
8871 3546
8872 3549
8873 3550
8874 3553
8875 3550
8876 3548
8877 3551
8878 3552
8879 3555
8880 3552
8881 3550
8882 3553
8883 3554
8884 3557
8885 3554
8886 3552
8887 3555
8888 3556
8889 3559
8890 3556
8891 3554
8892 3557
8893 3558
8894 3561
8895 3558
8896 3556
8897 3559
8898 3560
8899 3563
8900 3560
8901 3558
8902 3561
8903 3562
8904 3565
8905 3562
8906 3560
8907 3563
8908 3564
8909 3567
8910 3564
8911 3562
8912 3565
8913 3566
8914 3569
8915 3566
8916 3564
8917 3567
8918 3568
8919 3571
8920 3568
8921 3566
8922 3569
8923 3570
8924 3573
8925 3570
8926 3568
8927 3571
8928 3572
8929 3575
8930 3572
8931 3570
8932 3573
8933 3574
8934 3577
8935 3574
8936 3572
8937 3575
8938 3576
8939 3579
8940 3576
8941 3574
8942 3577
8943 3578
8944 3581
8945 3578
8946 3576
8947 3579
8948 3580
8949 3583
8950 3580
8951 3578
8952 3581
8953 3582
8954 3585
8955 3582
8956 3580
8957 3583
8958 3584
8959 3587
8960 3584
8961 3582
8962 3585
8963 3586
8964 3589
8965 3586
8966 3584
8967 3587
8968 3588
8969 3591
8970 3588
8971 3586
8972 3589
8973 3590
8974 3593
8975 3590
8976 3588
8977 3591
8978 3592
8979 3595
8980 3592
8981 3590
8982 3593
8983 3594
8984 3597
8985 3594
8986 3592
8987 3595
8988 3596
8989 3599
8990 3596
8991 3594
8992 3597
8993 3598
8994 3601
8995 3598
8996 3596
8997 3599
8998 3600
8999 3603
9000 3600
9001 3598
9002 3601
9003 3602
9004 3605
9005 3602
9006 3600
9007 3603
9008 3604
9009 3607
9010 3604
9011 3602
9012 3605
9013 3606
9014 3609
9015 3606
9016 3604
9017 3607
9018 3608
9019 3611
9020 3608
9021 3606
9022 3609
9023 3610
9024 3613
9025 3610
9026 3608
9027 3611
9028 3612
9029 3615
9030 3612
9031 3610
9032 3613
9033 3614
9034 3617
9035 3614
9036 3612
9037 3615
9038 3616
9039 3619
9040 3616
9041 3614
9042 3617
9043 3618
9044 3621
9045 3618
9046 3616
9047 3619
9048 3620
9049 3623
9050 3620
9051 3618
9052 3621
9053 3622
9054 3625
9055 3622
9056 3620
9057 3623
9058 3624
9059 3627
9060 3624
9061 3622
9062 3625
9063 3626
9064 3629
9065 3626
9066 3624
9067 3627
9068 3628
9069 3631
9070 3628
9071 3626
9072 3629
9073 3630
9074 3633
9075 3630
9076 3628
9077 3631
9078 3632
9079 3635
9080 3632
9081 3630
9082 3633
9083 3634
9084 3637
9085 3634
9086 3632
9087 3635
9088 3636
9089 3639
9090 3636
9091 3634
9092 3637
9093 3638
9094 3641
9095 3638
9096 3636
9097 3639
9098 3640
9099 3643
9100 3640
9101 3638
9102 3641
9103 3642
9104 3645
9105 3642
9106 3640
9107 3643
9108 3644
9109 3647
9110 3644
9111 3642
9112 3645
9113 3646
9114 3649
9115 3646
9116 3644
9117 3647
9118 3648
9119 3651
9120 3648
9121 3646
9122 3649
9123 3650
9124 3653
9125 3650
9126 3648
9127 3651
9128 3652
9129 3655
9130 3652
9131 3650
9132 3653
9133 3654
9134 3657
9135 3654
9136 3652
9137 3655
9138 3656
9139 3659
9140 3656
9141 3654
9142 3657
9143 3658
9144 3661
9145 3658
9146 3656
9147 3659
9148 3660
9149 3663
9150 3660
9151 3658
9152 3661
9153 3662
9154 3665
9155 3662
9156 3660
9157 3663
9158 3664
9159 3667
9160 3664
9161 3662
9162 3665
9163 3666
9164 3669
9165 3666
9166 3664
9167 3667
9168 3668
9169 3671
9170 3668
9171 3666
9172 3669
9173 3670
9174 3673
9175 3670
9176 3668
9177 3671
9178 3672
9179 3675
9180 3672
9181 3670
9182 3673
9183 3674
9184 3677
9185 3674
9186 3672
9187 3675
9188 3676
9189 3679
9190 3676
9191 3674
9192 3677
9193 3678
9194 3681
9195 3678
9196 3676
9197 3679
9198 3680
9199 3683
9200 3680
9201 3678
9202 3681
9203 3682
9204 3685
9205 3682
9206 3680
9207 3683
9208 3684
9209 3687
9210 3684
9211 3682
9212 3685
9213 3686
9214 3689
9215 3686
9216 3684
9217 3687
9218 3688
9219 3691
9220 3688
9221 3686
9222 3689
9223 3690
9224 3693
9225 3690
9226 3688
9227 3691
9228 3692
9229 3695
9230 3692
9231 3690
9232 3693
9233 3694
9234 3697
9235 3694
9236 3692
9237 3695
9238 3696
9239 3699
9240 3696
9241 3694
9242 3697
9243 3698
9244 3701
9245 3698
9246 3696
9247 3699
9248 3700
9249 3703
9250 3700
9251 3698
9252 3701
9253 3702
9254 3705
9255 3702
9256 3700
9257 3703
9258 3704
9259 3707
9260 3704
9261 3702
9262 3705
9263 3706
9264 3709
9265 3706
9266 3704
9267 3707
9268 3708
9269 3711
9270 3708
9271 3706
9272 3709
9273 3710
9274 3713
9275 3710
9276 3708
9277 3711
9278 3712
9279 3715
9280 3712
9281 3710
9282 3713
9283 3714
9284 3717
9285 3714
9286 3712
9287 3715
9288 3716
9289 3719
9290 3716
9291 3714
9292 3717
9293 3718
9294 3721
9295 3718
9296 3716
9297 3719
9298 3720
9299 3723
9300 3720
9301 3718
9302 3721
9303 3722
9304 3725
9305 3722
9306 3720
9307 3723
9308 3724
9309 3727
9310 3724
9311 3722
9312 3725
9313 3726
9314 3729
9315 3726
9316 3724
9317 3727
9318 3728
9319 3731
9320 3728
9321 3726
9322 3729
9323 3730
9324 3733
9325 3730
9326 3728
9327 3731
9328 3732
9329 3735
9330 3732
9331 3730
9332 3733
9333 3734
9334 3737
9335 3734
9336 3732
9337 3735
9338 3736
9339 3739
9340 3736
9341 3734
9342 3737
9343 3738
9344 3741
9345 3738
9346 3736
9347 3739
9348 3740
9349 3743
9350 3740
9351 3738
9352 3741
9353 3742
9354 3745
9355 3742
9356 3740
9357 3743
9358 3744
9359 3747
9360 3744
9361 3742
9362 3745
9363 3746
9364 3749
9365 3746
9366 3744
9367 3747
9368 3748
9369 3751
9370 3748
9371 3746
9372 3749
9373 3750
9374 3753
9375 3750
9376 3748
9377 3751
9378 3752
9379 3755
9380 3752
9381 3750
9382 3753
9383 3754
9384 3757
9385 3754
9386 3752
9387 3755
9388 3756
9389 3759
9390 3756
9391 3754
9392 3757
9393 3758
9394 3761
9395 3758
9396 3756
9397 3759
9398 3760
9399 3763
9400 3760
9401 3758
9402 3761
9403 3762
9404 3765
9405 3762
9406 3760
9407 3763
9408 3764
9409 3767
9410 3764
9411 3762
9412 3765
9413 3766
9414 3769
9415 3766
9416 3764
9417 3767
9418 3768
9419 3771
9420 3768
9421 3766
9422 3769
9423 3770
9424 3773
9425 3770
9426 3768
9427 3771
9428 3772
9429 3775
9430 3772
9431 3770
9432 3773
9433 3774
9434 3777
9435 3774
9436 3772
9437 3775
9438 3776
9439 3779
9440 3776
9441 3774
9442 3777
9443 3778
9444 3781
9445 3778
9446 3776
9447 3779
9448 3780
9449 3783
9450 3780
9451 3778
9452 3781
9453 3782
9454 3785
9455 3782
9456 3780
9457 3783
9458 3784
9459 3787
9460 3784
9461 3782
9462 3785
9463 3786
9464 3789
9465 3786
9466 3784
9467 3787
9468 3788
9469 3791
9470 3788
9471 3786
9472 3789
9473 3790
9474 3793
9475 3790
9476 3788
9477 3791
9478 3792
9479 3795
9480 3792
9481 3790
9482 3793
9483 3794
9484 3797
9485 3794
9486 3792
9487 3795
9488 3796
9489 3799
9490 3796
9491 3794
9492 3797
9493 3798
9494 3801
9495 3798
9496 3796
9497 3799
9498 3800
9499 3803
9500 3800
9501 3798
9502 3801
9503 3802
9504 3805
9505 3802
9506 3800
9507 3803
9508 3804
9509 3807
9510 3804
9511 3802
9512 3805
9513 3806
9514 3809
9515 3806
9516 3804
9517 3807
9518 3808
9519 3811
9520 3808
9521 3806
9522 3809
9523 3810
9524 3813
9525 3810
9526 3808
9527 3811
9528 3812
9529 3815
9530 3812
9531 3810
9532 3813
9533 3814
9534 3817
9535 3814
9536 3812
9537 3815
9538 3816
9539 3819
9540 3816
9541 3814
9542 3817
9543 3818
9544 3821
9545 3818
9546 3816
9547 3819
9548 3820
9549 3823
9550 3820
9551 3818
9552 3821
9553 3822
9554 3825
9555 3822
9556 3820
9557 3823
9558 3824
9559 3827
9560 3824
9561 3822
9562 3825
9563 3826
9564 3829
9565 3826
9566 3824
9567 3827
9568 3828
9569 3831
9570 3828
9571 3826
9572 3829
9573 3830
9574 3833
9575 3830
9576 3828
9577 3831
9578 3832
9579 3835
9580 3832
9581 3830
9582 3833
9583 3834
9584 3837
9585 3834
9586 3832
9587 3835
9588 3836
9589 3839
9590 3836
9591 3834
9592 3837
9593 3838
9594 3841
9595 3838
9596 3836
9597 3839
9598 3840
9599 3843
9600 3840
9601 3838
9602 3841
9603 3842
9604 3845
9605 3842
9606 3840
9607 3843
9608 3844
9609 3847
9610 3844
9611 3842
9612 3845
9613 3846
9614 3849
9615 3846
9616 3844
9617 3847
9618 3848
9619 3851
9620 3848
9621 3846
9622 3849
9623 3850
9624 3853
9625 3850
9626 3848
9627 3851
9628 3852
9629 3855
9630 3852
9631 3850
9632 3853
9633 3854
9634 3857
9635 3854
9636 3852
9637 3855
9638 3856
9639 3859
9640 3856
9641 3854
9642 3857
9643 3858
9644 3861
9645 3858
9646 3856
9647 3859
9648 3860
9649 3863
9650 3860
9651 3858
9652 3861
9653 3862
9654 3865
9655 3862
9656 3860
9657 3863
9658 3864
9659 3867
9660 3864
9661 3862
9662 3865
9663 3866
9664 3869
9665 3866
9666 3864
9667 3867
9668 3868
9669 3871
9670 3868
9671 3866
9672 3869
9673 3870
9674 3873
9675 3870
9676 3868
9677 3871
9678 3872
9679 3875
9680 3872
9681 3870
9682 3873
9683 3874
9684 3877
9685 3874
9686 3872
9687 3875
9688 3876
9689 3879
9690 3876
9691 3874
9692 3877
9693 3878
9694 3881
9695 3878
9696 3876
9697 3879
9698 3880
9699 3883
9700 3880
9701 3878
9702 3881
9703 3882
9704 3885
9705 3882
9706 3880
9707 3883
9708 3884
9709 3887
9710 3884
9711 3882
9712 3885
9713 3886
9714 3889
9715 3886
9716 3884
9717 3887
9718 3888
9719 3891
9720 3888
9721 3886
9722 3889
9723 3890
9724 3893
9725 3890
9726 3888
9727 3891
9728 3892
9729 3895
9730 3892
9731 3890
9732 3893
9733 3894
9734 3897
9735 3894
9736 3892
9737 3895
9738 3896
9739 3899
9740 3896
9741 3894
9742 3897
9743 3898
9744 3901
9745 3898
9746 3896
9747 3899
9748 3900
9749 3903
9750 3900
9751 3898
9752 3901
9753 3902
9754 3905
9755 3902
9756 3900
9757 3903
9758 3904
9759 3907
9760 3904
9761 3902
9762 3905
9763 3906
9764 3909
9765 3906
9766 3904
9767 3907
9768 3908
9769 3911
9770 3908
9771 3906
9772 3909
9773 3910
9774 3913
9775 3910
9776 3908
9777 3911
9778 3912
9779 3915
9780 3912
9781 3910
9782 3913
9783 3914
9784 3917
9785 3914
9786 3912
9787 3915
9788 3916
9789 3919
9790 3916
9791 3914
9792 3917
9793 3918
9794 3921
9795 3918
9796 3916
9797 3919
9798 3920
9799 3923
9800 3920
9801 3918
9802 3921
9803 3922
9804 3925
9805 3922
9806 3920
9807 3923
9808 3924
9809 3927
9810 3924
9811 3922
9812 3925
9813 3926
9814 3929
9815 3926
9816 3924
9817 3927
9818 3928
9819 3931
9820 3928
9821 3926
9822 3929
9823 3930
9824 3933
9825 3930
9826 3928
9827 3931
9828 3932
9829 3935
9830 3932
9831 3930
9832 3933
9833 3934
9834 3937
9835 3934
9836 3932
9837 3935
9838 3936
9839 3939
9840 3936
9841 3934
9842 3937
9843 3938
9844 3941
9845 3938
9846 3936
9847 3939
9848 3940
9849 3943
9850 3940
9851 3938
9852 3941
9853 3942
9854 3945
9855 3942
9856 3940
9857 3943
9858 3944
9859 3947
9860 3944
9861 3942
9862 3945
9863 3946
9864 3949
9865 3946
9866 3944
9867 3947
9868 3948
9869 3951
9870 3948
9871 3946
9872 3949
9873 3950
9874 3953
9875 3950
9876 3948
9877 3951
9878 3952
9879 3955
9880 3952
9881 3950
9882 3953
9883 3954
9884 3957
9885 3954
9886 3952
9887 3955
9888 3956
9889 3959
9890 3956
9891 3954
9892 3957
9893 3958
9894 3961
9895 3958
9896 3956
9897 3959
9898 3960
9899 3963
9900 3960
9901 3958
9902 3961
9903 3962
9904 3965
9905 3962
9906 3960
9907 3963
9908 3964
9909 3967
9910 3964
9911 3962
9912 3965
9913 3966
9914 3969
9915 3966
9916 3964
9917 3967
9918 3968
9919 3971
9920 3968
9921 3966
9922 3969
9923 3970
9924 3973
9925 3970
9926 3968
9927 3971
9928 3972
9929 3975
9930 3972
9931 3970
9932 3973
9933 3974
9934 3977
9935 3974
9936 3972
9937 3975
9938 3976
9939 3979
9940 3976
9941 3974
9942 3977
9943 3978
9944 3981
9945 3978
9946 3976
9947 3979
9948 3980
9949 3983
9950 3980
9951 3978
9952 3981
9953 3982
9954 3985
9955 3982
9956 3980
9957 3983
9958 3984
9959 3987
9960 3984
9961 3982
9962 3985
9963 3986
9964 3989
9965 3986
9966 3984
9967 3987
9968 3988
9969 3991
9970 3988
9971 3986
9972 3989
9973 3990
9974 3993
9975 3990
9976 3988
9977 3991
9978 3992
9979 3995
9980 3992
9981 3990
9982 3993
9983 3994
9984 3997
9985 3994
9986 3992
9987 3995
9988 3996
9989 3999
9990 3996
9991 3994
9992 3997
9993 3998
9994 4001
9995 3998
9996 3996
9997 3999
9998 4000
9999 4003
Negative cycle: none
Execution time: 11753.3 ms
